0.00000000000000  1.38173077579091  1.38173077579318  0.79261431702727  1.08304916334091  1.08304916334091  -0.21304063711364  0.71090914284091  0.71090914286364  0.06558703922727  1.02142489315909  1.02142489338636  0.20082988202273  0.35875486127273  0.35875486150000  0.02718106168182  0.31133489893182  0.31133489893182  -0.07471133234091  0.35788247008636  0.35788247013182  -0.15315437581136  0.37930687945455  0.37930687945455  0.13415961277273  0.51257715091136  0.51257715091136  -0.02194121045227  0.47108212329545  0.47108212327273  0.20245689236364  0.87907153056818  0.87907153056818  -0.10793280397727  0.64689227343182  0.64689227343182  0.08613388638636  0.71501711743182  0.71501711743182  0.02104084879545  0.75895366302273  0.75895366302273  0.34508039015909  0.68831580386364  0.68831580340909  0.43470537886364  1.14090347652273  1.14090347652273
1.38173077579091  0.00000000000000  0.34034636302273  0.74138408500000  0.74138408500000  0.29218504113636  0.73683578981818  0.73683578981818  0.34799648981818  0.68624494890909  0.68624494890909  0.29634876381818  0.74204620468182  0.74204620468182  0.06072474554545  0.66295965390909  0.66295965413636  0.25819757277273  0.41538804159091  0.41538804159091  0.04375298504545  0.43212721825000  0.43212721847727  0.13677104784091  0.46118058228864  0.46118058251364  0.31265132339545  0.38520750081818  0.38520750081818  -0.21752582445455  0.49302445668182  0.49302445668182  -0.00643982986364  0.34286985709091  0.34286985709091  -0.15079146804545  0.68162955227273  0.68162955227273  0.11571598500000  0.39051244372500  0.39051244372727  -0.18922992018409  0.55000627456705  0.55000627479409  -0.04666669820318  0.34538033018182  0.34538033018182  0.22935246995455
1.38173077579318  0.34034636302273  0.00000000000000  0.86419337261364  0.86419337259091  0.27101760304545  0.73960006520455  0.73960006520455  0.36024488720455  0.70541023331818  0.70541023331818  0.45542915693182  0.71072669527273  0.71072669547727  0.00090371975000  0.69890347365909  0.69890347365909  0.39078915025000  0.67485698554545  0.67485698554545  0.19333572847727  0.41315523428409  0.41315523428409  0.02843592852500  0.26277108321591  0.26277108321591  0.01506231144318  0.35659371862045  0.35659371861818  -0.02448815498182  0.27215688229545  0.27215688206818  -0.04948058661364  0.32154715900000  0.32154715900000  0.07953641586364  0.34283533981818  0.34283534004545  0.06235806656818  0.32041641938636  0.32041641938636  0.00415344256818  0.65881731666136  0.65881731664773  -0.07308639256364  0.40210225675000  0.40210225675000  0.14070104402273
0.79261431702727  0.74138408500000  0.86419337261364  0.00000000000000  0.58162432327273  0.58162432350000  0.18052826086364  0.88891699743182  0.88891699790909  0.15234241961364  0.67186324172955  0.67186324195909  0.12353863527727  0.84971000415909  0.84971000415909  0.19376666765909  0.36299342318182  0.36299342315909  0.05592229065909  0.32314177384091  0.32314177384091  -0.10679459806818  0.43856722942500  0.43856722942595  -0.11385652984839  0.35530296063636  0.35530296063636  0.05250408422727  0.49450146731591  0.49450146731591  -0.00869192511591  0.50393676146545  0.50393676148705  0.19074035919182  0.70196220603864  0.70196220603341  0.17868550691636  0.63433259015909  0.63433259015909  0.14818104065909  0.62081863564091  0.62081863586818  0.03629021742727  0.70450237306818  0.70450237306818  0.36861840965909  0.87797992094773  0.87797992094545
1.08304916334091  0.74138408500000  0.86419337259091  0.58162432327273  0.00000000000000  0.34719661042273  0.95628114213636  0.95628114213636  0.45287965690909  0.97914942136364  0.97914942136364  0.40742090272727  0.89897593068182  0.89897593068182  0.62053522886364  0.87047252597727  0.87047252620455  0.35986472811364  0.82968088731818  0.82968088731818  0.26880143490909  0.77835894522727  0.77835894545455  0.27940770022727  0.54302346200909  0.54302346223636  -0.03204577526364  0.49347045343182  0.49347045345455  -0.06721081654545  0.49787791400000  0.49787791397727  0.13681331250000  0.51733111329545  0.51733111329545  -0.01692255661364  0.55266174150000  0.55266174150000  0.10860077918182  0.43041458769773  0.43041458771818  0.18312930695909  0.66962758486364  0.66962758486364  0.28103402740909  0.51238010413636  0.51238010415909  -0.09696458879545
1.08304916334091  0.29218504113636  0.27101760304545  0.58162432350000  0.34719661042273  0.00000000000000  0.70718350827273  0.70718350827273  -0.20648660304545  0.44695965409091  0.44695965431818  0.18120814202273  0.69829206197727  0.69829206197727  0.07093737879545  0.70051175056818  0.70051175056818  0.29980384806818  0.72164060852273  0.72164060852273  0.28538938406818  0.68444932609318  0.68444932631818  -0.09461996477273  0.88975542347727  0.88975542356818  0.33283816872727  0.74864262068182  0.74864262068182  0.12128540068182  0.44557325834091  0.44557325834091  0.23428079829545  0.43184008909091  0.43184008909091  -0.10804878009091  0.48136435838636  0.48136435838636  -0.01438463206818  0.42861600110455  0.42861600110455  0.07307324128636  0.39179224613182  0.39179224590455  0.34052815231364  0.50165206646818  0.50165206646818  0.19092515917500
-0.21304063711364  0.73683578981818  0.73960006520455  0.18052826086364  0.95628114213636  0.70718350827273  0.00000000000000  0.42642755990909  0.42642755990909  0.30850117918182  0.72366429213636  0.72366429213636  -0.00328434331818  0.46808753517045  0.46808753517273  0.14395387919091  0.53028949013636  0.53028949036364  0.22478855445455  1.25502748590909  1.25502748590909  0.96390882000000  1.37181465152273  1.37181465152273  0.43263205288636  0.44670804865909  0.44670804886364  0.44108144970455  0.26179550568864  0.26179550566364  0.32808272184773  0.28834241656818  0.28834241656818  0.27831541302273  0.35177626525000  0.35177626525000  0.16296462665909  0.61339593620455  0.61339593620455  0.26737720847727  0.36681050650000  0.36681050650000  0.01871932956818  0.97950655813409  0.97950655836818  0.70052311631818  0.82359330668182  0.82359330668182
0.71090914284091  0.73683578981818  0.73960006520455  0.88891699743182  0.95628114213636  0.70718350827273  0.42642755990909  0.00000000000000  0.49158352581818  0.73462995061364  0.73462994811364  0.26072358788636  0.61875398165909  0.61875398147727  0.28571143538636  0.53120148518182  0.53120148518182  -0.00131227286364  1.10436870250000  1.10436870250000  0.61240741386364  0.79755138345000  0.79755138367955  0.29435282435909  0.86842182909773  0.86842182660227  0.32185290558636  0.64824837948636  0.64824837971136  -0.03967890056136  0.67407882142045  0.67407882142273  0.40424511553409  0.65413966420455  0.65413966420455  0.25568764965909  0.38535478579545  0.38535478552273  0.04362550770455  0.34181041025000  0.34181041047727  0.15916877820455  0.32937534513636  0.32937534513636  0.13667107500000  0.26042129820455  0.26042129820455  0.18981851334091
0.71090914286364  0.34799648981818  0.36024488720455  0.88891699790909  0.45287965690909  -0.20648660304545  0.42642755990909  0.49158352581818  0.00000000000000  0.30885397677273  0.30885397677273  -0.01440734618182  0.18429574284091  0.18429574279545  0.02442044952273  0.64121227334545  0.64121227335000  0.43495374771136  0.32394789014545  0.32394789014773  0.11212339290000  0.52076145258409  0.52076145258409  0.14177661872045  0.24640576629545  0.24640576606818  0.10724208134091  0.73256878495455  0.73256878493182  0.30464814204545  0.77360288386364  0.77360288386364  0.02198861522727  0.62084321209091  0.62084321211364  0.11449720075000  0.54553667965909  0.54553667965909  0.27091077531818  0.69530541429545  0.69530541429545  0.01654358856818  0.49415487927273  0.49415487929545  -0.19598420152273  0.26415395506818  0.26415395509091  0.13915533000000
0.06558703922727  0.68624494890909  0.70541023331818  0.15234241961364  0.97914942136364  0.44695965409091  0.30850117918182  0.73462995061364  0.30885397677273  0.00000000000000  0.18040130868182  0.18040130868182  0.14076907777273  0.21258555981818  0.21258555981818  0.03771479095455  0.14426786947727  0.14426786970455  0.14626743511364  0.14367098209091  0.14367098209091  -0.08726988300000  0.07725727406818  0.07725727411364  0.09631833788636  0.10316211356818  0.10316211356818  -0.06433417370455  0.48836104711364  0.48836104711364  0.03993352120455  0.23142984525455  0.23142984526136  -0.06452581568864  0.37769399340909  0.37769399363636  0.01533855977273  1.29360013295455  1.29360013295455  0.48504606886364  0.57499084938636  0.57499084938636  0.22228731552273  0.19221845090909  0.19221845090227  0.09006818359318  0.24669754734091  0.24669754734091
1.02142489315909  0.68624494890909  0.70541023331818  0.67186324172955  0.97914942136364  0.44695965431818  0.72366429213636  0.73462994811364  0.30885397677273  0.18040130868182  0.00000000000000  0.07502509825000  0.35461916013864  0.35461916013636  0.38105708159091  0.56396726868182  0.56396726847727  0.31698255279545  0.31375204956818  0.31375204956818  0.07647698138636  1.06604825727273  1.06604825727273  0.56062813927273  1.04609640100000  1.04609639872727  0.51436985554545  0.86128216233636  0.86128216231591  0.01721806411818  0.65820625270000  0.65820625269773  0.25850076574318  0.56300659025000  0.56300659022727  0.33582304477273  0.80590237175000  0.80590237172727  0.11551492800000  0.66623218907273  0.66623218907045  0.47018469456591  0.89307715911364  0.89307715888636  0.34360319820455  0.54440775629545  0.54440775629545  0.02753489945455
1.02142489338636  0.29634876381818  0.45542915693182  0.67186324195909  0.40742090272727  0.18120814202273  0.72366429213636  0.26072358788636  -0.01440734618182  0.18040130868182  0.07502509825000  0.00000000000000  0.85790167823182  0.85790167823182  0.58233667914091  0.61189499226409  0.61189499221773  0.27634214519455  0.20955607170455  0.20955607170455  0.11065893902273  0.23294960575227  0.23294960572955  0.12225471675227  0.28962077681364  0.28962077681136  0.16528411822045  0.17341154814091  0.17341154836364  0.03254052158409  0.27924117525000  0.27924117527273  0.08936936604545  0.15051708545455  0.15051708543182  0.10165740029545  0.58656819257273  0.58656819259773  0.29239556221591  0.34834681125909  0.34834681125909  -0.06018368366818  0.46730036070455  0.46730036072727  -0.14737894570455  0.26156367245455  0.26156367245455  0.09101173431818
0.20082988202273  0.74204620468182  0.71072669527273  0.12353863527727  0.89897593068182  0.69829206197727  -0.00328434331818  0.61875398165909  0.18429574284091  0.14076907777273  0.35461916013864  0.85790167823182  0.00000000000000  0.74834063911364  0.74834063911364  0.57261172775000  0.71674984909091  0.71674984909091  0.12285488204545  0.44457285875000  0.44457285875000  0.20743297920455  0.35876469972727  0.35876469972727  0.27737421236364  0.61920917329545  0.61920917329545  0.13710269190909  0.38857580911364  0.38857580911364  -0.04859236247727  0.17906712382273  0.17906712382273  0.03123237817727  0.13480250855455  0.13480250830455  0.13332508739545  0.02760363367955  0.02760363368636  -0.11006986449773  0.05646744352273  0.05646744352273  0.09382975606818  0.17025139955455  0.17025139978182  0.07641996887045  0.12935853288636  0.12935853290909
0.35875486127273  0.74204620468182  0.71072669547727  0.84971000415909  0.89897593068182  0.69829206197727  0.46808753517045  0.61875398147727  0.18429574279545  0.21258555981818  0.35461916013636  0.85790167823182  0.74834063911364  0.00000000000000  0.11579656327273  0.06586037334091  0.06586037331818  -0.09367747693182  0.40892464913636  0.40892464911818  0.04986258457273  0.20982827111364  0.20982827115909  -0.13558646620455  0.29919985413636  0.29919985413636  0.07732663786364  0.46420813884091  0.46420813881818  0.29290931997727  0.28020501875000  0.28020501875000  0.25164708484091  0.33330856607955  0.33330856607955  0.15218470276136  0.41949536770455  0.41949536772727  0.25198312190909  0.63873897520455  0.63873897520455  0.16448374656818  0.44013600147727  0.44013600147727  0.29503658629545  0.86039480870682  0.86039480872955  0.38661552470227
0.35875486150000  0.06072474554545  0.00090371975000  0.84971000415909  0.62053522886364  0.07093737879545  0.46808753517273  0.28571143538636  0.02442044952273  0.21258555981818  0.38105708159091  0.58233667914091  0.74834063911364  0.11579656327273  0.00000000000000  0.63053220447727  0.63053220447727  0.22746472347727  0.80576173404545  0.80576173402273  0.25525473534091  0.64475327752273  0.64475327752273  -0.07437503925000  0.51550888359091  0.51550888336364  -0.09291427836364  1.24748122089318  1.24748122089545  0.11575933543864  0.98222644786364  0.98222644788636  0.24943438925000  1.07835393852273  1.07835393861364  0.45501017581818  0.72511944156364  0.72511944201818  0.00029872184545  0.64843556984091  0.64843556986364  0.30783753447727  0.71181836590909  0.71181836590909  0.25100013522727  0.24154188495455  0.24154188495455  0.07097708459091
0.02718106168182  0.66295965390909  0.69890347365909  0.19376666765909  0.87047252597727  0.70051175056818  0.14395387919091  0.53120148518182  0.64121227334545  0.03771479095455  0.56396726868182  0.61189499226409  0.57261172775000  0.06586037334091  0.63053220447727  0.00000000000000  0.30597928773182  0.30597928773409  0.00539534318636  0.32395730352273  0.32395730352273  0.11509040579545  0.25749490679545  0.25749490679545  0.17238292588636  0.37312416770455  0.37312416770455  0.10492515452273  0.23067801351364  0.23067801371818  0.17672149524091  0.52762651327273  0.52762651327273  0.15575280718182  0.34463614795455  0.34463614795455  0.16177109577273  0.48210305965909  0.48210305965909  0.11468072270455  0.32818451227955  0.32818451255227  0.25390640682500  0.75037437461364  0.75037437461364  0.63066308870455  0.73227940835227  0.73227940835227
0.31133489893182  0.66295965413636  0.69890347365909  0.36299342318182  0.87047252620455  0.70051175056818  0.53028949013636  0.53120148518182  0.64121227335000  0.14426786947727  0.56396726847727  0.61189499221773  0.71674984909091  0.06586037331818  0.63053220447727  0.30597928773182  0.00000000000000  0.55260539392045  0.54660584493182  0.54660584495455  0.29942014927273  0.52960115359091  0.52960115359091  0.14955793154545  0.78536818198636  0.78536818198636  0.32697835862273  0.46588604056818  0.46588604011364  0.01470008147727  0.28244159829545  0.28244159829545  0.03540386959091  0.16838956329545  0.16838956329545  0.08649622347727  0.22070316829932  0.22070316829977  -0.10307653115364  0.12812905515909  0.12812905513636  0.20532944250000  0.19307018845455  0.19307018845455  0.15892661879545  0.13336903400000  0.13336903400000  -0.00804142440909
0.31133489893182  0.25819757277273  0.39078915025000  0.36299342315909  0.35986472811364  0.29980384806818  0.53028949036364  -0.00131227286364  0.43495374771136  0.14426786970455  0.31698255279545  0.27634214519455  0.71674984909091  -0.09367747693182  0.22746472347727  0.30597928773409  0.55260539392045  0.00000000000000  0.10745112522727  0.10745112522727  0.17126211479545  0.49211525959091  0.49211525913636  0.15793501577273  0.24954737773182  0.24954737772727  0.06220429999773  0.33534732186364  0.33534732206818  0.16559299602273  1.06649083731818  1.06649083731818  0.80384461504545  1.21781273000000  1.21781273000000  0.76919749272727  0.83329270950000  0.83329270950000  0.44726001495455  0.90513491700000  0.90513491700000  0.35715736954545  0.65080864988636  0.65080865006818  0.24606971415909  0.53656219002955  0.53656218980000  0.13528891492500
-0.07471133234091  0.41538804159091  0.67485698554545  0.05592229065909  0.82968088731818  0.72164060852273  0.22478855445455  1.10436870250000  0.32394789014545  0.14626743511364  0.31375204956818  0.20955607170455  0.12285488204545  0.40892464913636  0.80576173404545  0.00539534318636  0.54660584493182  0.10745112522727  0.00000000000000  0.32292065359091  0.32292065359091  -0.01030329759091  0.26076737701364  0.26076737701591  0.02923947982955  0.43296227284091  0.43296227284091  0.12396056784091  0.56725633340909  0.56725633340909  -0.13123031750000  0.35800303433409  0.35800303433409  0.18117877898409  0.39733401418182  0.39733401418182  0.21245261463636  0.39185665440909  0.39185665438636  0.14742386995455  0.49089138096136  0.49089138096136  0.04746028603636  1.12237795795455  1.12237795795455  0.74526631159091  0.76024161829545  0.76024161829545
0.35788247008636  0.41538804159091  0.67485698554545  0.32314177384091  0.82968088731818  0.72164060852273  1.25502748590909  1.10436870250000  0.32394789014773  0.14367098209091  0.31375204956818  0.20955607170455  0.44457285875000  0.40892464911818  0.80576173402273  0.32395730352273  0.54660584495455  0.10745112522727  0.32292065359091  0.00000000000000  0.13149249261364  0.77117850368182  0.77117850368182  0.13274668604545  0.67073144720455  0.67073144720000  0.22590988811136  0.69630739988636  0.69630739988636  0.36410771761364  0.63365605462500  0.63365605462500  0.13415992230909  0.62720598625000  0.62720598627273  0.19660004261364  0.62613046654545  0.62613046654545  0.20221817859091  0.78319490483636  0.78319490481364  0.37047361042727  0.73097631340909  0.73097631340909  0.25075430750000  0.46897672725000  0.46897672725000  0.08555425865909
0.35788247013182  0.04375298504545  0.19333572847727  0.32314177384091  0.26880143490909  0.28538938406818  1.25502748590909  0.61240741386364  0.11212339290000  0.14367098209091  0.07647698138636  0.11065893902273  0.44457285875000  0.04986258457273  0.25525473534091  0.32395730352273  0.29942014927273  0.17126211479545  0.32292065359091  0.13149249261364  0.00000000000000  0.60178514890909  0.60178514895455  0.31263219111364  0.41154909197727  0.41154909197727  0.18829540968182  0.31692076195455  0.31692076197727  0.09896004625000  0.38867923006818  0.38867923006818  0.20035605234091  0.29327256470455  0.29327256468182  -0.08961486054545  0.40621576495455  0.40621576495455  0.02880989504545  0.45816985450000  0.45816985450000  0.10592138913636  0.46078208931818  0.46078208931818  0.02912603568182  0.72667536947727  0.72667536947727  0.33475637279545
-0.15315437581136  0.43212721825000  0.41315523428409  -0.10679459806818  0.77835894522727  0.68444932609318  0.96390882000000  0.79755138345000  0.52076145258409  -0.08726988300000  1.06604825727273  0.23294960575227  0.20743297920455  0.20982827111364  0.64475327752273  0.11509040579545  0.52960115359091  0.49211525959091  -0.01030329759091  0.77117850368182  0.60178514890909  0.00000000000000  0.57211187368182  0.57211187370455  0.05204977925000  0.48004576270455  0.48004576268182  0.18711093845455  0.59968080125000  0.59968080125000  0.11900947034091  0.52116151662955  0.52116151663182  0.17409263927955  0.38626888390909  0.38626888390909  0.12574297395455  0.28087605551364  0.28087605551364  -0.07272159728636  0.50078210297727  0.50078210297727  0.04998687670455  0.34175972478864  0.34175972481136  -0.07474818246136  1.14670920395614  1.14670920418455
0.37930687945455  0.43212721847727  0.41315523428409  0.43856722942500  0.77835894545455  0.68444932631818  1.37181465152273  0.79755138367955  0.52076145258409  0.07725727406818  1.06604825727273  0.23294960572955  0.35876469972727  0.20982827115909  0.64475327752273  0.25749490679545  0.52960115359091  0.49211525913636  0.26076737701364  0.77117850368182  0.60178514895455  0.57211187368182  0.00000000000000  0.46441550972545  1.05832754997727  1.05832754997727  0.87744075697727  0.75690730677273  0.75690730677273  0.35920037540909  0.72545640047727  0.72545640047727  0.35779142684091  0.19801878490909  0.19801878490909  0.11699557056818  0.13525256756818  0.13525256759091  -0.00177023861364  0.05974500467727  0.05974500464773  -0.00223073591818  0.18770208059091  0.18770208036364  -0.16960082490909  0.36388741361364  0.36388741361364  -0.28637858093182
0.37930687945455  0.13677104784091  0.02843592852500  0.43856722942595  0.27940770022727  -0.09461996477273  1.37181465152273  0.29435282435909  0.14177661872045  0.07725727411364  0.56062813927273  0.12225471675227  0.35876469972727  -0.13558646620455  -0.07437503925000  0.25749490679545  0.14955793154545  0.15793501577273  0.26076737701591  0.13274668604545  0.31263219111364  0.57211187370455  0.46441550972545  0.00000000000000  0.29007497963182  0.29007497963182  -0.01975985804091  0.34944192086591  0.34944192086364  -0.05142180545682  0.29391667868409  0.29391667879545  0.09557530734545  0.43686201431818  0.43686201431818  0.02230328886364  0.55286769561364  0.55286769561364  0.29866919661364  0.40875721606818  0.40875721629545  -0.10680853143182  0.69181594188636  0.69181594188864  0.41918654242955  0.52029480795455  0.52029480793182  0.10034251636364
0.13415961277273  0.46118058228864  0.26277108321591  -0.11385652984839  0.54302346200909  0.88975542347727  0.43263205288636  0.86842182909773  0.24640576629545  0.09631833788636  1.04609640100000  0.28962077681364  0.27737421236364  0.29919985413636  0.51550888359091  0.17238292588636  0.78536818198636  0.24954737773182  0.02923947982955  0.67073144720455  0.41154909197727  0.05204977925000  1.05832754997727  0.29007497963182  0.00000000000000  1.11728932105000  1.11728932105659  0.56278799777023  0.85049906990909  0.85049906988636  0.34896519127273  0.70308968006818  0.70308967984091  0.09053005188636  0.64688132886364  0.64688132886364  0.19245027404545  0.42460031350000  0.42460031350000  0.16150387418182  0.63034807979545  0.63034807979545  0.13397780029545  0.27167676659091  0.27167676659091  0.02043067515909  0.48156904609091  0.48156904615909
0.51257715091136  0.46118058251364  0.26277108321591  0.35530296063636  0.54302346223636  0.88975542356818  0.44670804865909  0.86842182660227  0.24640576606818  0.10316211356818  1.04609639872727  0.28962077681136  0.61920917329545  0.29919985413636  0.51550888336364  0.37312416770455  0.78536818198636  0.24954737772727  0.43296227284091  0.67073144720000  0.41154909197727  0.48004576270455  1.05832754997727  0.29007497963182  1.11728932105000  0.00000000000000  0.22012913809091  0.13084280836364  0.13084280836364  0.20770468150000  0.13737114147727  0.13737114147727  0.07214809570455  0.30817580518182  0.30817580518182  0.07539369709091  0.26327174795455  0.26327174795455  -0.01018350593182  0.24331346409091  0.24331346429545  0.03038818622727  0.35738720784773  0.35738720759773  0.09720911421136  0.33304801820455  0.33304801797727  0.06885750197727
0.51257715091136  0.31265132339545  0.01506231144318  0.35530296063636  -0.03204577526364  0.33283816872727  0.44670804886364  0.32185290558636  0.10724208134091  0.10316211356818  0.51436985554545  0.16528411822045  0.61920917329545  0.07732663786364  -0.09291427836364  0.37312416770455  0.32697835862273  0.06220429999773  0.43296227284091  0.22590988811136  0.18829540968182  0.48004576268182  0.87744075697727  -0.01975985804091  1.11728932105659  0.22012913809091  0.00000000000000  0.78505159681818  0.78505159681818  0.33095014040909  0.63701107236364  0.63701107236364  0.02307989327273  0.57807249538636  0.57807249538636  0.28879954315909  0.59237888465909  0.59237888463636  -0.01524690238636  0.50003104943182  0.50003104943182  0.02910484104545  0.40152630997727  0.40152631000000  0.08892681968182  0.20315945086364  0.20315945086364  0.06230704459091
-0.02194121045227  0.38520750081818  0.35659371862045  0.05250408422727  0.49347045343182  0.74864262068182  0.44108144970455  0.64824837948636  0.73256878495455  -0.06433417370455  0.86128216233636  0.17341154814091  0.13710269190909  0.46420813884091  1.24748122089318  0.10492515452273  0.46588604056818  0.33534732186364  0.12396056784091  0.69630739988636  0.31692076195455  0.18711093845455  0.75690730677273  0.34944192086591  0.56278799777023  0.13084280836364  0.78505159681818  0.00000000000000  0.47643631722727  0.47643631725000  0.08692130034091  0.27691487270455  0.27691487247727  0.01131859329545  0.81152662445455  0.81152662445455  0.28781607195455  0.91411407527955  0.91411407550682  0.27264828357500  0.86632974365909  0.86632974365909  0.08349268915909  0.36624366061364  0.36624366061364  0.29099736765909  0.18388338784091  0.18388338784091
0.47108212329545  0.38520750081818  0.35659371861818  0.49450146731591  0.49347045345455  0.74864262068182  0.26179550568864  0.64824837971136  0.73256878493182  0.48836104711364  0.86128216231591  0.17341154836364  0.38857580911364  0.46420813881818  1.24748122089545  0.23067801351364  0.46588604011364  0.33534732206818  0.56725633340909  0.69630739988636  0.31692076197727  0.59968080125000  0.75690730677273  0.34944192086364  0.85049906990909  0.13084280836364  0.78505159681818  0.47643631722727  0.00000000000000  0.00218017843182  0.15595621388636  0.15595621388636  0.20098176781818  0.47714653113636  0.47714653113636  -0.16307710059091  0.61323767113636  0.61323767113636  -0.17213044204545  0.37852939831818  0.37852939831818  -0.12931875195455  0.44119557518182  0.44119557515909  0.08024943268182  0.29783130585455  0.29783130630909  0.17217304598636
0.47108212327273  -0.21752582445455  -0.02448815498182  0.49450146731591  -0.06721081654545  0.12128540068182  0.26179550566364  -0.03967890056136  0.30464814204545  0.48836104711364  0.01721806411818  0.03254052158409  0.38857580911364  0.29290931997727  0.11575933543864  0.23067801371818  0.01470008147727  0.16559299602273  0.56725633340909  0.36410771761364  0.09896004625000  0.59968080125000  0.35920037540909  -0.05142180545682  0.85049906988636  0.20770468150000  0.33095014040909  0.47643631725000  0.00218017843182  0.00000000000000  0.51597060161295  0.51597060161227  -0.09913886320750  0.82277833306818  0.82277833306818  0.46993685193182  0.59946966111364  0.59946966115909  0.08694642511364  1.24498953988636  1.24498953995455  0.36135729640909  0.82962593425000  0.82962593425000  0.19508496834091  0.83515098404545  0.83515098404545  0.34003009740909
0.20245689236364  0.49302445668182  0.27215688229545  -0.00869192511591  0.49787791400000  0.44557325834091  0.32808272184773  0.67407882142045  0.77360288386364  0.03993352120455  0.65820625270000  0.27924117525000  -0.04859236247727  0.28020501875000  0.98222644786364  0.17672149524091  0.28244159829545  1.06649083731818  -0.13123031750000  0.63365605462500  0.38867923006818  0.11900947034091  0.72545640047727  0.29391667868409  0.34896519127273  0.13737114147727  0.63701107236364  0.08692130034091  0.15595621388636  0.51597060161295  0.00000000000000  1.04821329538636  1.04821329536364  0.46910794827273  0.79180819528409  0.79180819528409  0.28968518050909  0.70670413538636  0.70670413538182  0.17406811720682  0.72167995031818  0.72167995031818  0.06948135868182  0.87552825947727  0.87552825947727  0.51115549497727  0.54833835215909  0.54833835213636
0.87907153056818  0.49302445668182  0.27215688206818  0.50393676146545  0.49787791397727  0.44557325834091  0.28834241656818  0.67407882142273  0.77360288386364  0.23142984525455  0.65820625269773  0.27924117527273  0.17906712382273  0.28020501875000  0.98222644788636  0.52762651327273  0.28244159829545  1.06649083731818  0.35800303433409  0.63365605462500  0.38867923006818  0.52116151662955  0.72545640047727  0.29391667879545  0.70308968006818  0.13737114147727  0.63701107236364  0.27691487270455  0.15595621388636  0.51597060161227  1.04821329538636  0.00000000000000  -0.07891533127273  0.73084759342727  0.73084759342500  0.34245335133409  0.30364085431818  0.30364085454545  -0.06238973959091  0.23929598052273  0.23929598075000  -0.02961063311364  0.42910142900000  0.42910142902273  -0.11359246325000  0.33074654915909  0.33074654915909  0.04802413370455
0.87907153056818  -0.00643982986364  -0.04948058661364  0.50393676148705  0.13681331250000  0.23428079829545  0.28834241656818  0.40424511553409  0.02198861522727  0.23142984526136  0.25850076574318  0.08936936604545  0.17906712382273  0.25164708484091  0.24943438925000  0.52762651327273  0.03540386959091  0.80384461504545  0.35800303433409  0.13415992230909  0.20035605234091  0.52116151663182  0.35779142684091  0.09557530734545  0.70308967984091  0.07214809570455  0.02307989327273  0.27691487247727  0.20098176781818  -0.09913886320750  1.04821329536364  -0.07891533127273  0.00000000000000  0.41379220477273  0.41379220477273  0.09613095272727  0.43344026895455  0.43344026918182  -0.04210442695455  0.59131803975000  0.59131803975000  0.02217909370455  1.11052370613636  1.11052370613636  0.47480718886364  0.79762066347727  0.79762066350000  0.21847562343182
-0.10793280397727  0.34286985709091  0.32154715900000  0.19074035919182  0.51733111329545  0.43184008909091  0.27831541302273  0.65413966420455  0.62084321209091  -0.06452581568864  0.56300659025000  0.15051708545455  0.03123237817727  0.33330856607955  1.07835393852273  0.15575280718182  0.16838956329545  1.21781273000000  0.18117877898409  0.62720598625000  0.29327256470455  0.17409263927955  0.19801878490909  0.43686201431818  0.09053005188636  0.30817580518182  0.57807249538636  0.01131859329545  0.47714653113636  0.82277833306818  0.46910794827273  0.73084759342727  0.41379220477273  0.00000000000000  0.68542016475000  0.68542016475000  0.23756425525000  0.73822163690909  0.73822163690909  0.24051948963636  0.58207415606818  0.58207415584091  0.01994084525000  0.44919401102727  0.44919401102955  0.16674670541591  0.30778924064773  0.30778924062500
0.64689227343182  0.34286985709091  0.32154715900000  0.70196220603864  0.51733111329545  0.43184008909091  0.35177626525000  0.65413966420455  0.62084321211364  0.37769399340909  0.56300659022727  0.15051708543182  0.13480250855455  0.33330856607955  1.07835393861364  0.34463614795455  0.16838956329545  1.21781273000000  0.39733401418182  0.62720598627273  0.29327256468182  0.38626888390909  0.19801878490909  0.43686201431818  0.64688132886364  0.30817580518182  0.57807249538636  0.81152662445455  0.47714653113636  0.82277833306818  0.79180819528409  0.73084759342500  0.41379220477273  0.68542016475000  0.00000000000000  0.03441771703409  0.47776950316136  0.47776950316364  0.31453275701818  0.38631566643182  0.38631566636364  0.06228037454545  0.93887484125000  0.93887484125000  0.57050388070455  1.10378609506818  1.10378609506818  0.50340902815909
0.64689227343182  -0.15079146804545  0.07953641586364  0.70196220603341  -0.01692255661364  -0.10804878009091  0.35177626525000  0.25568764965909  0.11449720075000  0.37769399363636  0.33582304477273  0.10165740029545  0.13480250830455  0.15218470276136  0.45501017581818  0.34463614795455  0.08649622347727  0.76919749272727  0.39733401418182  0.19660004261364  -0.08961486054545  0.38626888390909  0.11699557056818  0.02230328886364  0.64688132886364  0.07539369709091  0.28879954315909  0.81152662445455  -0.16307710059091  0.46993685193182  0.79180819528409  0.34245335133409  0.09613095272727  0.68542016475000  0.03441771703409  0.00000000000000  0.32423670559091  0.32423670559091  0.29334454052273  0.28339265556818  0.28339265556818  0.09125362879545  0.22702594485909  0.22702594485909  0.12568244105227  0.37073248872727  0.37073248872727  0.00516648236364
0.08613388638636  0.68162955227273  0.34283533981818  0.17868550691636  0.55266174150000  0.48136435838636  0.16296462665909  0.38535478579545  0.54553667965909  0.01533855977273  0.80590237175000  0.58656819257273  0.13332508739545  0.41949536770455  0.72511944156364  0.16177109577273  0.22070316829932  0.83329270950000  0.21245261463636  0.62613046654545  0.40621576495455  0.12574297395455  0.13525256756818  0.55286769561364  0.19245027404545  0.26327174795455  0.59237888465909  0.28781607195455  0.61323767113636  0.59946966111364  0.28968518050909  0.30364085431818  0.43344026895455  0.23756425525000  0.47776950316136  0.32423670559091  0.00000000000000  0.40566724109091  0.40566724109091  0.02225796063636  0.41313801543182  0.41313801543182  0.02154119088636  0.36636705775000  0.36636705772727  0.03929719884091  0.36829407613114  0.36829407613545
0.71501711743182  0.68162955227273  0.34283534004545  0.63433259015909  0.55266174150000  0.48136435838636  0.61339593620455  0.38535478552273  0.54553667965909  1.29360013295455  0.80590237172727  0.58656819259773  0.02760363367955  0.41949536772727  0.72511944201818  0.48210305965909  0.22070316829977  0.83329270950000  0.39185665440909  0.62613046654545  0.40621576495455  0.28087605551364  0.13525256759091  0.55286769561364  0.42460031350000  0.26327174795455  0.59237888463636  0.91411407527955  0.61323767113636  0.59946966115909  0.70670413538636  0.30364085454545  0.43344026918182  0.73822163690909  0.47776950316364  0.32423670559091  0.40566724109091  0.00000000000000  0.16559403816818  0.46873093502273  0.46873093502273  -0.06600797870455  0.59159996447727  0.59159996447727  0.30915474765909  0.47836720988636  0.47836721034091  0.04863715034091
0.71501711743182  0.11571598500000  0.06235806656818  0.63433259015909  0.10860077918182  -0.01438463206818  0.61339593620455  0.04362550770455  0.27091077531818  1.29360013295455  0.11551492800000  0.29239556221591  0.02760363368636  0.25198312190909  0.00029872184545  0.48210305965909  -0.10307653115364  0.44726001495455  0.39185665438636  0.20221817859091  0.02880989504545  0.28087605551364  -0.00177023861364  0.29866919661364  0.42460031350000  -0.01018350593182  -0.01524690238636  0.91411407550682  -0.17213044204545  0.08694642511364  0.70670413538182  -0.06238973959091  -0.04210442695455  0.73822163690909  0.31453275701818  0.29334454052273  0.40566724109091  0.16559403816818  0.00000000000000  0.58820490686136  0.58820490683864  -0.02715258593409  0.46542174956818  0.46542174956818  0.11818594470455  1.09333160456818  1.09333160456818  0.52263074952273
0.02104084879545  0.39051244372500  0.32041641938636  0.14818104065909  0.43041458769773  0.42861600110455  0.26737720847727  0.34181041025000  0.69530541429545  0.48504606886364  0.66623218907273  0.34834681125909  -0.11006986449773  0.63873897520455  0.64843556984091  0.11468072270455  0.12812905515909  0.90513491700000  0.14742386995455  0.78319490483636  0.45816985450000  -0.07272159728636  0.05974500467727  0.40875721606818  0.16150387418182  0.24331346409091  0.50003104943182  0.27264828357500  0.37852939831818  1.24498953988636  0.17406811720682  0.23929598052273  0.59131803975000  0.24051948963636  0.38631566643182  0.28339265556818  0.02225796063636  0.46873093502273  0.58820490686136  0.00000000000000  0.74782322227273  0.74782322250000  0.23737616409091  0.92226426765909  0.92226426743182  0.16387758097727  0.62657026255682  0.62657026255682
0.75895366302273  0.39051244372727  0.32041641938636  0.62081863564091  0.43041458771818  0.42861600110455  0.36681050650000  0.34181041047727  0.69530541429545  0.57499084938636  0.66623218907045  0.34834681125909  0.05646744352273  0.63873897520455  0.64843556986364  0.32818451227955  0.12812905513636  0.90513491700000  0.49089138096136  0.78319490481364  0.45816985450000  0.50078210297727  0.05974500464773  0.40875721629545  0.63034807979545  0.24331346429545  0.50003104943182  0.86632974365909  0.37852939831818  1.24498953995455  0.72167995031818  0.23929598075000  0.59131803975000  0.58207415606818  0.38631566636364  0.28339265556818  0.41313801543182  0.46873093502273  0.58820490683864  0.74782322227273  0.00000000000000  0.29882975939773  0.51917823768409  0.51917823768409  0.02532222640909  0.75064511386364  0.75064511386364  0.02750239934091
0.75895366302273  -0.18922992018409  0.00415344256818  0.62081863586818  0.18312930695909  0.07307324128636  0.36681050650000  0.15916877820455  0.01654358856818  0.57499084938636  0.47018469456591  -0.06018368366818  0.05646744352273  0.16448374656818  0.30783753447727  0.32818451255227  0.20532944250000  0.35715736954545  0.49089138096136  0.37047361042727  0.10592138913636  0.50078210297727  -0.00223073591818  -0.10680853143182  0.63034807979545  0.03038818622727  0.02910484104545  0.86632974365909  -0.12931875195455  0.36135729640909  0.72167995031818  -0.02961063311364  0.02217909370455  0.58207415584091  0.06228037454545  0.09125362879545  0.41313801543182  -0.06600797870455  -0.02715258593409  0.74782322250000  0.29882975939773  0.00000000000000  0.31924067131818  0.31924067131818  -0.02695418040909  0.53271710395455  0.53271710395455  0.11233270031818
0.34508039015909  0.55000627456705  0.65881731666136  0.03629021742727  0.66962758486364  0.39179224613182  0.01871932956818  0.32937534513636  0.49415487927273  0.22228731552273  0.89307715911364  0.46730036070455  0.09382975606818  0.44013600147727  0.71181836590909  0.25390640682500  0.19307018845455  0.65080864988636  0.04746028603636  0.73097631340909  0.46078208931818  0.04998687670455  0.18770208059091  0.69181594188636  0.13397780029545  0.35738720784773  0.40152630997727  0.08349268915909  0.44119557518182  0.82962593425000  0.06948135868182  0.42910142900000  1.11052370613636  0.01994084525000  0.93887484125000  0.22702594485909  0.02154119088636  0.59159996447727  0.46542174956818  0.23737616409091  0.51917823768409  0.31924067131818  0.00000000000000  0.45886658156818  0.45886658156818  0.35698368888636  0.41487531845000  0.41487531845000
0.68831580386364  0.55000627479409  0.65881731664773  0.70450237306818  0.66962758486364  0.39179224590455  0.97950655813409  0.32937534513636  0.49415487929545  0.19221845090909  0.89307715888636  0.46730036072727  0.17025139955455  0.44013600147727  0.71181836590909  0.75037437461364  0.19307018845455  0.65080865006818  1.12237795795455  0.73097631340909  0.46078208931818  0.34175972478864  0.18770208036364  0.69181594188864  0.27167676659091  0.35738720759773  0.40152631000000  0.36624366061364  0.44119557515909  0.82962593425000  0.87552825947727  0.42910142902273  1.11052370613636  0.44919401102727  0.93887484125000  0.22702594485909  0.36636705775000  0.59159996447727  0.46542174956818  0.92226426765909  0.51917823768409  0.31924067131818  0.45886658156818  0.00000000000000  0.00740906977727  0.60709302468636  0.60709302469091  -0.03192022917500
0.68831580340909  -0.04666669820318  -0.07308639256364  0.70450237306818  0.28103402740909  0.34052815231364  0.97950655836818  0.13667107500000  -0.19598420152273  0.19221845090227  0.34360319820455  -0.14737894570455  0.17025139978182  0.29503658629545  0.25100013522727  0.75037437461364  0.15892661879545  0.24606971415909  1.12237795795455  0.25075430750000  0.02912603568182  0.34175972481136  -0.16960082490909  0.41918654242955  0.27167676659091  0.09720911421136  0.08892681968182  0.36624366061364  0.08024943268182  0.19508496834091  0.87552825947727  -0.11359246325000  0.47480718886364  0.44919401102955  0.57050388070455  0.12568244105227  0.36636705772727  0.30915474765909  0.11818594470455  0.92226426743182  0.02532222640909  -0.02695418040909  0.45886658156818  0.00740906977727  0.00000000000000  0.49494731875000  0.49494731875000  -0.04247201527273
0.43470537886364  0.34538033018182  0.40210225675000  0.36861840965909  0.51238010413636  0.50165206646818  0.70052311631818  0.26042129820455  0.26415395506818  0.09006818359318  0.54440775629545  0.26156367245455  0.07641996887045  0.86039480870682  0.24154188495455  0.63066308870455  0.13336903400000  0.53656219002955  0.74526631159091  0.46897672725000  0.72667536947727  -0.07474818246136  0.36388741361364  0.52029480795455  0.02043067515909  0.33304801820455  0.20315945086364  0.29099736765909  0.29783130585455  0.83515098404545  0.51115549497727  0.33074654915909  0.79762066347727  0.16674670541591  1.10378609506818  0.37073248872727  0.03929719884091  0.47836720988636  1.09333160456818  0.16387758097727  0.75064511386364  0.53271710395455  0.35698368888636  0.60709302468636  0.49494731875000  0.00000000000000  0.45014811743182  0.45014811743182
