0.00000000000000  1.30194880318182  1.30194880340909  0.61349974045455  1.32468796372727  1.32468796372727  0.46718820695455  0.90128972597727  0.90128972597727  0.05408464361364  1.16784682818182  1.16784682818182  0.31442293386364  0.15126187770455  0.15126187995455  0.15742748045455  0.08170058570682  0.08170058593409  -0.06806098002500  0.03298288034091  0.03298288036364  -0.12858834190909  0.22770423581818  0.22770423584091  0.15559623618636  0.41917291770455  0.41917291772727  0.10422822111364  0.21070436736591  0.21070436737045  0.06998213399091  0.90738631240909  0.90738631243182  0.11318729686364  0.99544273831818  0.99544273831818  0.17779055745455  0.93122736615909  0.93122736613636  -0.16950492288636  0.63876269343182  0.63876269320455  0.48778867088636  0.64392058496273  0.64392058496318  0.48406696326136  1.31740364659091  1.31740364659091
1.30194880318182  0.00000000000000  0.62030603227273  0.69164919256818  0.69164919254545  0.11609630547727  0.61488154987136  0.61488154964545  0.23524649468818  0.36146436379545  0.36146436379545  0.16447460436364  0.37567398419318  0.37567398394545  0.02170634038409  0.34395295829545  0.34395295852273  0.06785160711364  0.12166662367955  0.12166662366136  0.05685782007500  0.13012209158409  0.13012209161136  -0.18502509409318  -0.01485558811364  -0.01485558811364  -0.02755795779545  0.16596108775000  0.16596108795455  -0.06004910206818  0.16608410566818  0.16608410568636  -0.14758426121136  0.08681858920455  0.08681858920455  -0.13316116940909  0.37975054753006  0.37975054755385  0.08478331970144  -0.02289024568182  -0.02289024568182  -0.02802899636364  0.35629512593182  0.35629512593182  -0.09816150420455  0.00446965800000  0.00446965822727  -0.04618619577273
1.30194880340909  0.62030603227273  0.00000000000000  0.77035068591364  0.77035068589091  -0.18428745958409  0.39656201000000  0.39656201002273  -0.18896329561364  0.45549322295455  0.45549322295455  0.01648393022727  0.14062365935682  0.14062365708182  -0.08443595012500  0.35846105511364  0.35846105490909  0.12068798261364  0.19441022156818  0.19441022179545  0.26373471102273  0.18582653454545  0.18582653454545  0.03033746500000  0.07287334786364  0.07287334763636  -0.07066190886364  0.12973377503182  0.12973377503182  -0.13213458680227  0.08390784061364  0.08390784084091  -0.15108473847727  0.14000886536364  0.14000886513636  -0.11376220002273  0.07811231350000  0.07811231350000  -0.21021137690909  0.10032437238636  0.10032437211364  0.10943843768182  0.09494123013182  0.09494123013636  -0.12070770550227  0.08638835204545  0.08638835181818  0.08211943211364
0.61349974045455  0.69164919256818  0.77035068591364  0.00000000000000  0.01684901288636  0.01684901290909  0.10774396900000  1.09576340706818  1.09576340686364  0.05356948161364  0.71374894890909  0.71374894888636  -0.21071948811364  0.98248631489545  0.98248631488182  0.27909277414091  0.24325280552273  0.24325280527273  -0.04325869486364  0.17776118750000  0.17776118750000  -0.08532100295455  0.30065699504545  0.30065699527273  -0.27478736761364  0.20192461334091  0.20192461313636  -0.05862686434091  0.44126884179545  0.44126884202273  -0.02817921584091  0.34577237047955  0.34577237047727  0.02599184747727  0.66025467193182  0.66025467190909  0.19396747577273  0.83488880705636  0.83488880705500  0.18760504319432  0.76168780409091  0.76168780386364  -0.03801619840909  0.60447570675000  0.60447570675000  0.24949926488636  0.84996905652273  0.84996905652273
1.32468796372727  0.69164919254545  0.77035068589091  0.01684901288636  0.00000000000000  0.22625262527273  0.92320569220455  0.92320569243182  0.41697843265909  1.03464268151818  1.03464268152045  0.44303275833636  0.74665771756818  0.74665771779545  0.45636011856818  0.66763247020455  0.66763247020455  0.32229264886364  0.57629430965909  0.57629430965909  -0.04727057511364  0.64477427809091  0.64477427809091  0.25782544390909  0.44418526880682  0.44418526880682  -0.19126354835227  0.36326871140000  0.36326871117727  -0.13540035213636  0.14294770659091  0.14294770659091  -0.13004866240909  0.45904004050000  0.45904004050000  -0.15632411359091  0.37602699240909  0.37602699240909  -0.06303711504545  0.33714108772727  0.33714108772727  -0.10051227565909  0.53424792604545  0.53424792604545  0.14920439022727  0.33835559165909  0.33835559168182  -0.04133467584091
1.32468796372727  0.11609630547727  -0.18428745958409  0.01684901290909  0.22625262527273  0.00000000000000  0.63189458886364  0.63189458886364  0.06259304000000  0.34410214311364  0.34410214311364  0.03648207518182  0.86698868213636  0.86698868213636  0.24731191168182  0.60823472077273  0.60823472077273  0.07889619956818  0.76418870452273  0.76418870452273  0.13276487338636  0.38646556339091  0.38646556361591  0.21917938592955  0.60646212622727  0.60646212600000  0.18096210195455  0.51505410600000  0.51505410575000  0.07080200890909  0.35885685454545  0.35885685452273  -0.12935856988636  0.41843467944727  0.41843467939682  -0.16460067937364  0.32158663383636  0.32158663386136  -0.14068091957045  0.32397884022727  0.32397884025000  -0.05423793077273  0.33352114161364  0.33352114163636  0.16773108393182  0.21125070818182  0.21125070818182  0.01783808454545
0.46718820695455  0.61488154987136  0.39656201000000  0.10774396900000  0.92320569220455  0.63189458886364  0.00000000000000  0.19208317527273  0.19208317525000  0.01856624802273  0.25535435378182  0.25535435402727  0.14142049168864  0.23378916945455  0.23378916918182  -0.07787923295455  0.19729271847727  0.19729271850000  0.04419388263636  1.44606386552273  1.44606386779545  0.82366684765909  1.72846211045455  1.72846211045455  0.56748655000000  0.28862806926364  0.28862806926136  0.18914748198636  0.07292729565000  0.07292729565000  0.15620452192273  0.02579452035227  0.02579452035227  0.27672468485000  0.06664940465909  0.06664940463636  0.04621141104545  0.32662869131818  0.32662869131818  0.17592524763636  0.11678480475000  0.11678480472727  0.10596520459091  1.08667642256818  1.08667642256818  0.62450511852273  1.40812379997727  1.40812379997727
0.90128972597727  0.61488154964545  0.39656201002273  1.09576340706818  0.92320569243182  0.63189458886364  0.19208317527273  0.00000000000000  0.65603505384091  1.22550859636364  1.22550859636364  0.15196123863636  0.89479164272727  0.89479164295455  0.62784729909091  0.80748798287955  0.80748798287727  0.32265066211818  1.34099384636364  1.34099384636364  0.76718088409091  0.77384379587045  0.77384379586818  0.41012832145682  0.81653549500000  0.81653549522727  0.25744497931818  0.49309949563636  0.49309949563636  0.16330525268182  0.48427021872727  0.48427021872727  0.37577863818182  0.39136035356818  0.39136035356818  0.09750065779545  -0.00422375178864  -0.00422375178864  0.05419977048409  0.08564927568182  0.08564927568182  0.16388037368182  -0.01430447668182  -0.01430447668182  0.06975954509091  0.06338027511364  0.06338027511364  0.16008581897727
0.90128972597727  0.23524649468818  -0.18896329561364  1.09576340686364  0.41697843265909  0.06259304000000  0.19208317525000  0.65603505384091  0.00000000000000  0.12311969263636  0.12311969263636  -0.12782204931818  0.05317734570000  0.05317734570000  -0.13621732542727  0.37621291654545  0.37621291654545  0.38768040722727  -0.04983800914318  -0.04983800911818  0.06543778621136  0.49163646863636  0.49163646840909  0.08705735859091  -0.01967233013636  -0.01967233009091  0.08594682338636  1.15088713059091  1.15088713059091  0.24812010468182  0.70369094221818  0.70369094221818  0.14855545049091  0.65154823031818  0.65154823029545  0.20498485677273  0.26851633660682  0.26851633675000  0.08603842653182  0.45977164004545  0.45977164004545  -0.03935668025000  0.10297046395455  0.10297046402273  0.05367938922727  0.05665540595455  0.05665540595455  0.10128203950000
0.05408464361364  0.36146436379545  0.45549322295455  0.05356948161364  1.03464268151818  0.34410214311364  0.01856624802273  1.22550859636364  0.12311969263636  0.00000000000000  0.02150750869545  0.02150750868864  0.05246697446591  0.08288291047045  0.08288291048864  0.00468279683409  0.03998701599545  0.03998701558636  0.00975324109318  0.06522595140909  0.06522595118182  -0.06250070106818  -0.04086912690909  -0.04086912713636  0.05236092281818  -0.01460487378636  -0.01460487387955  -0.05456022794545  0.23131846625000  0.23131846629545  0.08751390579545  -0.03419542877273  -0.03419542879545  -0.10625713652273  -0.03774040100000  -0.03774040075000  0.03151851443182  1.55512458250000  1.55512458250000  0.38104749522727  0.44952628675000  0.44952628675000  0.48409291847727  0.06559858068182  0.06559858068182  -0.00456593525000  0.05459874402273  0.05459874425000
1.16784682818182  0.36146436379545  0.45549322295455  0.71374894890909  1.03464268152045  0.34410214311364  0.25535435378182  1.22550859636364  0.12311969263636  0.02150750869545  0.00000000000000  0.07375575725000  0.02086472565909  0.02086472543182  0.12495142179545  0.32576933759091  0.32576933759091  0.20318380963636  0.07163612925000  0.07163612949773  -0.00504472373182  1.10054772295455  1.10054772295455  0.48441196840909  1.25209695068182  1.25209695065909  0.28218975613636  1.12681228422727  1.12681228422727  -0.00707393395455  0.82690783852273  0.82690783852273  0.43864225965909  0.61951672275000  0.61951672277273  0.18399239225000  0.95094351904545  0.95094351927273  0.36406892654545  0.68235910167864  0.68235910168545  0.23015256669455  0.68737446372727  0.68737446350000  0.13823446993182  0.44814666745455  0.44814666740909  0.06009198093182
1.16784682818182  0.16447460436364  0.01648393022727  0.71374894888636  0.44303275833636  0.03648207518182  0.25535435402727  0.15196123863636  -0.12782204931818  0.02150750868864  0.07375575725000  0.00000000000000  0.69731097427500  0.69731097427273  0.47684554677273  0.45965703156818  0.45965703131818  0.13155673145455  0.04809439213636  0.04809439213636  -0.03786235877273  0.16456969834091  0.16456969811364  0.09749513538636  -0.04886287572727  -0.04886287572727  -0.09221402050000  -0.00140171722727  -0.00140171722727  0.13991990493182  0.05902042900227  0.05902042900455  -0.09728634649773  0.05693399618182  0.05693399595455  0.12455852377273  0.53438147952273  0.53438147929545  0.24369820865909  -0.00164945688636  -0.00164945686364  0.21185171852273  0.59272665684091  0.59272665684091  0.03262885902500  0.07227621713409  0.07227621715455  0.04963435545682
0.31442293386364  0.37567398419318  0.14062365935682  -0.21071948811364  0.74665771756818  0.86698868213636  0.14142049168864  0.89479164272727  0.05317734570000  0.05246697446591  0.02086472565909  0.69731097427500  0.00000000000000  1.10104722520455  1.10104722500000  0.47220430102273  0.66426915645455  0.66426915647727  0.03690627445455  0.53051637643182  0.53051637620455  0.05008411370455  0.23713943597727  0.23713943595455  -0.08821787704545  0.46259099879545  0.46259099902273  -0.22777654702273  0.20554384040909  0.20554384090909  -0.15157520306818  0.10556170622727  0.10556170350000  0.00653724234091  0.10220683906818  0.10220683906818  0.06738605152273  0.18974098206818  0.18974098202273  0.01342124202273  0.14657155904545  0.14657155909091  -0.02357878561364  0.08845816690909  0.08845816693182  -0.12351368940909  0.03255963065909  0.03255963043182
0.15126187770455  0.37567398394545  0.14062365708182  0.98248631489545  0.74665771779545  0.86698868213636  0.23378916945455  0.89479164295455  0.05317734570000  0.08288291047045  0.02086472543182  0.69731097427273  1.10104722520455  0.00000000000000  0.06596537702273  0.07514856979545  0.07514856993182  -0.01467943629545  0.12064923556818  0.12064923559091  0.07182943531818  -0.02758636538636  -0.02758636540909  -0.04133408136364  -0.05936280075682  -0.05936280076591  0.16630356669091  0.22838348841409  0.22838348864341  0.02110773273432  0.00385691045455  0.00385691090909  0.08005229181818  -0.04440371177273  -0.04440371177273  -0.06477616709091  0.00850963740909  0.00850963695455  0.02108877104545  0.31922078425000  0.31922078425000  0.19769287306818  0.09121512372727  0.09121512372727  0.16415734350000  0.98259061590909  0.98259061590909  0.18517167138636
0.15126187995455  0.02170634038409  -0.08443595012500  0.98248631488182  0.45636011856818  0.24731191168182  0.23378916918182  0.62784729909091  -0.13621732542727  0.08288291048864  0.12495142179545  0.47684554677273  1.10104722500000  0.06596537702273  0.00000000000000  1.24236226227273  1.24236226204545  -0.12716158590909  1.13921193835227  1.13921193857955  0.41161653790227  0.95643710397727  0.95643710375000  0.23523753897727  0.73244888030455  0.73244888053409  -0.03032349085000  1.15888333534091  1.15888333534091  0.23412079488636  0.75559245722727  0.75559245677273  0.41380695670455  0.84931752309091  0.84931752311364  0.09790026450000  0.51288848111364  0.51288848106818  0.16814016418182  0.44875154145455  0.44875154147727  0.21736732538636  0.69194708477273  0.69194708477273  0.49730911045455  -0.04649428989091  -0.04649428989773  -0.22929571371364
0.15742748045455  0.34395295829545  0.35846105511364  0.27909277414091  0.66763247020455  0.60823472077273  -0.07787923295455  0.80748798287955  0.37621291654545  0.00468279683409  0.32576933759091  0.45965703156818  0.47220430102273  0.07514856979545  1.24236226227273  0.00000000000000  0.05073942493182  0.05073942470455  -0.04668218788636  -0.02795007029545  -0.02795007029545  0.08139302988636  0.04476113786364  0.04476113786364  0.07791990900000  0.09094634000000  0.09094634000000  -0.02244166409091  0.03861965359773  0.03861965382500  -0.08769534523636  0.44621233973409  0.44621233973182  0.46167155754091  -0.03017831072727  -0.03017831072727  0.01519870659091  0.54185224486364  0.54185224463636  0.41427084604545  0.03593058640682  0.03593058638409  -0.10231984359318  1.17087342056818  1.17087342056818  0.33673266056818  0.68141813940909  0.68141813938636
0.08170058570682  0.34395295852273  0.35846105490909  0.24325280552273  0.66763247020455  0.60823472077273  0.19729271847727  0.80748798287727  0.37621291654545  0.03998701599545  0.32576933759091  0.45965703131818  0.66426915645455  0.07514856993182  1.24236226204545  0.05073942493182  0.00000000000000  0.06072540747727  0.64188418528636  0.64188418528636  0.20446941596591  0.31495917793182  0.31495917786364  -0.02589097429545  0.59522141759091  0.59522141781818  0.15825076829545  0.15007089704545  0.15007089709091  0.27113091918182  0.09371923300000  0.09371923300000  -0.12475881845455  0.04478104220455  0.04478104220455  -0.03203132097727  0.09427117218182  0.09427117218182  0.05618398777273  0.10067470777273  0.10067470781818  0.03653521104545  0.06821399584091  0.06821399584091  -0.01012328543182  0.02226832763636  0.02226832740909  -0.08922207181818
0.08170058593409  0.06785160711364  0.12068798261364  0.24325280527273  0.32229264886364  0.07889619956818  0.19729271850000  0.32265066211818  0.38768040722727  0.03998701558636  0.20318380963636  0.13155673145455  0.66426915647727  -0.01467943629545  -0.12716158590909  0.05073942470455  0.06072540747727  0.00000000000000  0.01729424887045  0.01729424627977  0.00914954505000  0.18295732886364  0.18295732888636  0.04799761013636  -0.01277242955591  -0.01277242960295  0.00566384634818  -0.04242447650000  -0.04242447652273  0.02809349868182  1.12843028347727  1.12843028347727  0.91736532925000  1.06637893009091  1.06637893031818  0.61429224461364  0.79168744925000  0.79168744925000  0.60994377338636  0.86086469577273  0.86086469577273  0.42895768850000  0.75911679943182  0.75911679943182  0.52974283965909  0.38231227356591  0.38231227378636  0.15816399370455
-0.06806098002500  0.12166662367955  0.19441022156818  -0.04325869486364  0.57629430965909  0.76418870452273  0.04419388263636  1.34099384636364  -0.04983800914318  0.00975324109318  0.07163612925000  0.04809439213636  0.03690627445455  0.12064923556818  1.13921193835227  -0.04668218788636  0.64188418528636  0.01729424887045  0.00000000000000  0.33105330861364  0.33105330859091  0.10426541388636  0.41227379429545  0.41227379429545  0.06776069431818  0.48410920997727  0.48410920995455  0.27078284663636  0.50717333205455  0.50717333209545  0.02164044837727  0.25893443057955  0.25893443062045  0.18742910189091  0.35389492643182  0.35389492645455  0.29806222229545  0.11819147011364  0.11819147013636  0.07855535168182  0.32783294738636  0.32783294743182  0.11681605999773  1.21754616478727  1.21754616476318  0.87334996069250  0.67406138050000  0.67406138047727
0.03298288034091  0.12166662366136  0.19441022179545  0.17776118750000  0.57629430965909  0.76418870452273  1.44606386552273  1.34099384636364  -0.04983800911818  0.06522595140909  0.07163612949773  0.04809439213636  0.53051637643182  0.12064923559091  1.13921193857955  -0.02795007029545  0.64188418528636  0.01729424627977  0.33105330861364  0.00000000000000  0.00980080895455  0.85458703961364  0.85458703959091  0.35320409818182  0.74478199272727  0.74478199274545  0.44963228113182  0.67326088450000  0.67326088450000  0.31220988540909  0.62923930830682  0.62923930828409  0.42856339036136  0.63026511327273  0.63026511327273  0.28464128581818  0.51606056643182  0.51606056643182  0.21492743447727  0.73651359495455  0.73651359495455  0.32885572681818  0.75692103788636  0.75692103788636  0.32279166736364  0.57251554022727  0.57251554068182  0.04528629736364
0.03298288036364  0.05685782007500  0.26373471102273  0.17776118750000  -0.04727057511364  0.13276487338636  1.44606386779545  0.76718088409091  0.06543778621136  0.06522595118182  -0.00504472373182  -0.03786235877273  0.53051637620455  0.07182943531818  0.41161653790227  -0.02795007029545  0.20446941596591  0.00914954505000  0.33105330859091  0.00980080895455  0.00000000000000  0.55992889935682  0.55992889933182  0.38329727417273  0.38237771463636  0.38237771440909  0.14685767845455  0.38956204434091  0.38956204436364  -0.13600997352273  0.47907319638636  0.47907319661364  -0.00686862065909  0.30257847593182  0.30257847600000  -0.13807243681818  0.31179680682955  0.31179680660000  0.08550676442500  0.27799815693816  0.27799815702855  0.10624634235582  0.44424119372500  0.44424119372727  0.06171128713636  0.68424532702273  0.68424532679545  0.37099137347727
-0.12858834190909  0.13012209158409  0.18582653454545  -0.08532100295455  0.64477427809091  0.38646556339091  0.82366684765909  0.77384379587045  0.49163646863636  -0.06250070106818  1.10054772295455  0.16456969834091  0.05008411370455  -0.02758636538636  0.95643710397727  0.08139302988636  0.31495917793182  0.18295732886364  0.10426541388636  0.85458703961364  0.55992889935682  0.00000000000000  0.70925247331591  0.70925247333864  0.22120230856591  0.58094833722727  0.58094833720455  0.10637943520455  0.53363281520455  0.53363281520455  0.14784803670455  0.48637752635227  0.48637752635909  0.14658402427727  0.55793299986364  0.55793299993182  0.05157131706818  0.36902416154545  0.36902416156818  0.05048413788636  0.29845844990909  0.29845844990909  0.15132917527273  0.27557649263636  0.27557649259091  -0.05784792288636  1.17250168113636  1.17250168113636
0.22770423581818  0.13012209161136  0.18582653454545  0.30065699504545  0.64477427809091  0.38646556361591  1.72846211045455  0.77384379586818  0.49163646840909  -0.04086912690909  1.10054772295455  0.16456969811364  0.23713943597727  -0.02758636540909  0.95643710375000  0.04476113786364  0.31495917786364  0.18295732888636  0.41227379429545  0.85458703959091  0.55992889933182  0.70925247331591  0.00000000000000  0.56601522840909  0.98573807320455  0.98573807320455  0.73127703320455  0.74116613147727  0.74116613147727  0.43404530852273  0.80333010770455  0.80333010770455  0.51040563020455  0.23912200043182  0.23912200020455  0.19464014725000  0.12750969403636  0.12750969403864  -0.00945000232727  0.16046378963636  0.16046378984091  0.17029468040909  0.32019437006364  0.32019437028864  0.04919531069773  0.33443069972727  0.33443069972727  -0.01875045254545
0.22770423584091  -0.18502509409318  0.03033746500000  0.30065699527273  0.25782544390909  0.21917938592955  1.72846211045455  0.41012832145682  0.08705735859091  -0.04086912713636  0.48441196840909  0.09749513538636  0.23713943595455  -0.04133408136364  0.23523753897727  0.04476113786364  -0.02589097429545  0.04799761013636  0.41227379429545  0.35320409818182  0.38329727417273  0.70925247333864  0.56601522840909  0.00000000000000  0.04234751205455  0.04234751205455  0.00536071049545  0.16098621175000  0.16098621197727  -0.07681503334091  -0.03358964259091  -0.03358964258636  -0.16901532463636  0.26231315393182  0.26231315393182  -0.14619970077273  0.63190697421591  0.63190697169545  0.37365929442500  0.37669395545455  0.37669395570455  -0.14920139000000  0.91044362152273  0.91044362152273  0.41964648879545  0.69936618861591  0.69936618861591  0.42615307347727
0.15559623618636  -0.01485558811364  0.07287334786364  -0.27478736761364  0.44418526880682  0.60646212622727  0.56748655000000  0.81653549500000  -0.01967233013636  0.05236092281818  1.25209695068182  -0.04886287572727  -0.08821787704545  -0.05936280075682  0.73244888030455  0.07791990900000  0.59522141759091  -0.01277242955591  0.06776069431818  0.74478199272727  0.38237771463636  0.22120230856591  0.98573807320455  0.04234751205455  0.00000000000000  1.07614069531818  1.07614069531818  0.63963870268182  0.87454342522727  0.87454342522727  0.54127634340909  0.85464004059091  0.85464004059091  0.31669156809091  0.70295934106818  0.70295934129545  0.23478859822727  0.57125222918182  0.57125222897727  0.39208578168182  0.79136445434091  0.79136445434091  0.11073396752273  0.43526442831136  0.43526442831591  -0.03028536194773  0.62946281318636  0.62946281295682
0.41917291770455  -0.01485558811364  0.07287334763636  0.20192461334091  0.44418526880682  0.60646212600000  0.28862806926364  0.81653549522727  -0.01967233009091  -0.01460487378636  1.25209695065909  -0.04886287572727  0.46259099879545  -0.05936280076591  0.73244888053409  0.09094634000000  0.59522141781818  -0.01277242960295  0.48410920997727  0.74478199274545  0.38237771440909  0.58094833722727  0.98573807320455  0.04234751205455  1.07614069531818  0.00000000000000  0.25040311463864  0.21087619472727  0.21087619495455  0.12459257527273  0.35766895563636  0.35766895540909  -0.23034016834091  0.38725518006818  0.38725518009091  -0.02828212461364  0.31862297622727  0.31862297627273  -0.04003436927273  0.14030747906818  0.14030747881818  0.11027490290909  0.35126634632727  0.35126634632955  0.23203217378182  0.41900565525000  0.41900565527273  0.00917322397727
0.41917291772727  -0.02755795779545  -0.07066190886364  0.20192461313636  -0.19126354835227  0.18096210195455  0.28862806926136  0.25744497931818  0.08594682338636  -0.01460487387955  0.28218975613636  -0.09221402050000  0.46259099902273  0.16630356669091  -0.03032349085000  0.09094634000000  0.15825076829545  0.00566384634818  0.48410920995455  0.44963228113182  0.14685767845455  0.58094833720455  0.73127703320455  0.00536071049545  1.07614069531818  0.25040311463864  0.00000000000000  0.78774878447727  0.78774878470455  0.38230192575000  0.65171274502500  0.65171274502727  0.30880624552727  0.63372065875000  0.63372065875000  0.25163513365909  0.67091666544773  0.67091666544773  0.12586976226364  0.49606441727273  0.49606441750000  0.16276056454545  0.48670815227273  0.48670815204545  -0.07148831500000  0.30287704486364  0.30287704488636  0.11658750284091
0.10422822111364  0.16596108775000  0.12973377503182  -0.05862686434091  0.36326871140000  0.51505410600000  0.18914748198636  0.49309949563636  1.15088713059091  -0.05456022794545  1.12681228422727  -0.00140171722727  -0.22777654702273  0.22838348841409  1.15888333534091  -0.02244166409091  0.15007089704545  -0.04242447650000  0.27078284663636  0.67326088450000  0.38956204434091  0.10637943520455  0.74116613147727  0.16098621175000  0.63963870268182  0.21087619472727  0.78774878447727  0.00000000000000  0.34151254737273  0.34151254713409  0.14378064806818  0.24985205820455  0.24985205820455  -0.02519471779545  0.79610906491591  0.79610906491364  0.11813156350455  0.76421628286364  0.76421628059091  0.11749597563636  0.96415561704545  0.96415561704545  0.20460252659091  0.11081115182273  0.11081115182045  0.00676993932045  0.10704187931818  0.10704187931818
0.21070436736591  0.16596108795455  0.12973377503182  0.44126884179545  0.36326871117727  0.51505410575000  0.07292729565000  0.49309949563636  1.15088713059091  0.23131846625000  1.12681228422727  -0.00140171722727  0.20554384040909  0.22838348864341  1.15888333534091  0.03861965359773  0.15007089709091  -0.04242447652273  0.50717333205455  0.67326088450000  0.38956204436364  0.53363281520455  0.74116613147727  0.16098621197727  0.87454342522727  0.21087619495455  0.78774878470455  0.34151254737273  0.00000000000000  0.07373868068182  0.11628866943182  0.11628866945455  0.15435810193182  0.39859480886364  0.39859480863636  0.05893856381818  0.45415292136818  0.45415292136818  0.00531030818864  0.05554083153409  0.05554083153182  -0.00632297712500  0.25975521711364  0.25975521734091  0.00281351415909  0.14716722415682  0.14716722415682  -0.00043955013864
0.21070436737045  -0.06004910206818  -0.13213458680227  0.44126884202273  -0.13540035213636  0.07080200890909  0.07292729565000  0.16330525268182  0.24812010468182  0.23131846629545  -0.00707393395455  0.13991990493182  0.20554384090909  0.02110773273432  0.23412079488636  0.03861965382500  0.27113091918182  0.02809349868182  0.50717333209545  0.31220988540909  -0.13600997352273  0.53363281520455  0.43404530852273  -0.07681503334091  0.87454342522727  0.12459257527273  0.38230192575000  0.34151254713409  0.07373868068182  0.00000000000000  0.41174519027273  0.41174519029545  -0.01703129325000  0.70771388818182  0.70771388818182  0.44273409500000  0.66871929545455  0.66871929545455  -0.11462315704545  1.27661436795455  1.27661436795455  0.43176187795455  0.79303672988636  0.79303672988636  0.38528619579545  1.01617858245227  1.01617858245000  0.19794663459773
0.06998213399091  0.16608410566818  0.08390784061364  -0.02817921584091  0.14294770659091  0.35885685454545  0.15620452192273  0.48427021872727  0.70369094221818  0.08751390579545  0.82690783852273  0.05902042900227  -0.15157520306818  0.00385691045455  0.75559245722727  -0.08769534523636  0.09371923300000  1.12843028347727  0.02164044837727  0.62923930830682  0.47907319638636  0.14784803670455  0.80333010770455  -0.03358964259091  0.54127634340909  0.35766895563636  0.65171274502500  0.14378064806818  0.11628866943182  0.41174519027273  0.00000000000000  1.25365314943182  1.25365314965909  0.62963159013636  0.94961300209091  0.94961300209091  0.64338026077273  0.88609706489091  0.88609706486818  0.18116988785909  0.65250073452273  0.65250073452273  0.21891237888636  0.96601324634091  0.96601324609091  0.53343324593182  0.60644479497727  0.60644479495455
0.90738631240909  0.16608410568636  0.08390784084091  0.34577237047955  0.14294770659091  0.35885685452273  0.02579452035227  0.48427021872727  0.70369094221818  -0.03419542877273  0.82690783852273  0.05902042900455  0.10556170622727  0.00385691090909  0.75559245677273  0.44621233973409  0.09371923300000  1.12843028347727  0.25893443057955  0.62923930828409  0.47907319661364  0.48637752635227  0.80333010770455  -0.03358964258636  0.85464004059091  0.35766895540909  0.65171274502727  0.24985205820455  0.11628866945455  0.41174519029545  1.25365314943182  0.00000000000000  -0.09566922529545  0.88399069477273  0.88399069477273  0.32400152295455  0.13993676504545  0.13993676500000  -0.11593148045455  0.29331422427273  0.29331422422727  -0.00971723354545  0.40973351777500  0.40973351779545  -0.13347714027273  0.37755375068182  0.37755375111364  -0.01181154438636
0.90738631243182  -0.14758426121136  -0.15108473847727  0.34577237047727  -0.13004866240909  -0.12935856988636  0.02579452035227  0.37577863818182  0.14855545049091  -0.03419542879545  0.43864225965909  -0.09728634649773  0.10556170350000  0.08005229181818  0.41380695670455  0.44621233973182  -0.12475881845455  0.91736532925000  0.25893443062045  0.42856339036136  -0.00686862065909  0.48637752635909  0.51040563020455  -0.16901532463636  0.85464004059091  -0.23034016834091  0.30880624552727  0.24985205820455  0.15435810193182  -0.01703129325000  1.25365314965909  -0.09566922529545  0.00000000000000  0.34407277309091  0.34407277286364  0.12985031652273  0.46381750297727  0.46381750320455  0.19654779679545  0.51685254440909  0.51685254440909  0.11052750331818  1.03581935325000  1.03581935325000  0.43119623402273  0.72050398736364  0.72050398759091  0.31186989672727
0.11318729686364  0.08681858920455  0.14000886536364  0.02599184747727  0.45904004050000  0.41843467944727  0.27672468485000  0.39136035356818  0.65154823031818  -0.10625713652273  0.61951672275000  0.05693399618182  0.00653724234091  -0.04440371177273  0.84931752309091  0.46167155754091  0.04478104220455  1.06637893009091  0.18742910189091  0.63026511327273  0.30257847593182  0.14658402427727  0.23912200043182  0.26231315393182  0.31669156809091  0.38725518006818  0.63372065875000  -0.02519471779545  0.39859480886364  0.70771388818182  0.62963159013636  0.88399069477273  0.34407277309091  0.00000000000000  0.69422821174091  0.69422821169773  0.18838129610000  0.77178012515682  0.77178012515682  0.26433548065682  0.57647453070909  0.57647453091364  0.38967035579091  0.62853680034091  0.62853680011364  0.13123650829545  0.44269069877273  0.44269069877273
0.99544273831818  0.08681858920455  0.14000886513636  0.66025467193182  0.45904004050000  0.41843467939682  0.06664940465909  0.39136035356818  0.65154823029545  -0.03774040100000  0.61951672277273  0.05693399595455  0.10220683906818  -0.04440371177273  0.84931752311364  -0.03017831072727  0.04478104220455  1.06637893031818  0.35389492643182  0.63026511327273  0.30257847600000  0.55793299986364  0.23912200020455  0.26231315393182  0.70295934106818  0.38725518009091  0.63372065875000  0.79610906491591  0.39859480863636  0.70771388818182  0.94961300209091  0.88399069477273  0.34407277286364  0.69422821174091  0.00000000000000  0.03763656168182  0.51277978488636  0.51277978486364  0.19478886168182  0.34090732295455  0.34090732318182  0.05426917931818  1.04919962561364  1.04919962561364  0.86551606688636  1.42941167079545  1.42941167081818  0.60172915852273
0.99544273831818  -0.13316116940909  -0.11376220002273  0.66025467190909  -0.15632411359091  -0.16460067937364  0.06664940463636  0.09750065779545  0.20498485677273  -0.03774040075000  0.18399239225000  0.12455852377273  0.10220683906818  -0.06477616709091  0.09790026450000  -0.03017831072727  -0.03203132097727  0.61429224461364  0.35389492645455  0.28464128581818  -0.13807243681818  0.55793299993182  0.19464014725000  -0.14619970077273  0.70295934129545  -0.02828212461364  0.25163513365909  0.79610906491364  0.05893856381818  0.44273409500000  0.94961300209091  0.32400152295455  0.12985031652273  0.69422821169773  0.03763656168182  0.00000000000000  0.41821084386364  0.41821084386364  0.42637658068182  0.25589685421364  0.25589685445000  0.23752597697500  0.24768494462955  0.24768494462955  0.24155085831136  0.31827985463636  0.31827985463636  0.19110786145455
0.17779055745455  0.37975054753006  0.07811231350000  0.19396747577273  0.37602699240909  0.32158663383636  0.04621141104545  -0.00422375178864  0.26851633660682  0.03151851443182  0.95094351904545  0.53438147952273  0.06738605152273  0.00850963740909  0.51288848111364  0.01519870659091  0.09427117218182  0.79168744925000  0.29806222229545  0.51606056643182  0.31179680682955  0.05157131706818  0.12750969403636  0.63190697421591  0.23478859822727  0.31862297622727  0.67091666544773  0.11813156350455  0.45415292136818  0.66871929545455  0.64338026077273  0.13993676504545  0.46381750297727  0.18838129610000  0.51277978488636  0.41821084386364  0.00000000000000  0.35729860677273  0.35729860654545  0.24498723377273  0.29263022527273  0.29263022527273  0.18028958302273  0.28382534195455  0.28382534218182  0.06004720745455  0.20140045018182  0.20140045043182
0.93122736615909  0.37975054755385  0.07811231350000  0.83488880705636  0.37602699240909  0.32158663386136  0.32662869131818  -0.00422375178864  0.26851633675000  1.55512458250000  0.95094351927273  0.53438147929545  0.18974098206818  0.00850963695455  0.51288848106818  0.54185224486364  0.09427117218182  0.79168744925000  0.11819147011364  0.51606056643182  0.31179680660000  0.36902416154545  0.12750969403864  0.63190697169545  0.57125222918182  0.31862297627273  0.67091666544773  0.76421628286364  0.45415292136818  0.66871929545455  0.88609706489091  0.13993676500000  0.46381750320455  0.77178012515682  0.51277978486364  0.41821084386364  0.35729860677273  0.00000000000000  -0.07091175768182  0.32371787279545  0.32371787279545  -0.12109348986364  0.64300982760455  0.64300982781136  0.40868153151591  0.24669293304091  0.24669293328864  -0.02060224337500
0.93122736613636  0.08478331970144  -0.21021137690909  0.83488880705500  -0.06303711504545  -0.14068091957045  0.32662869131818  0.05419977048409  0.08603842653182  1.55512458250000  0.36406892654545  0.24369820865909  0.18974098202273  0.02108877104545  0.16814016418182  0.54185224463636  0.05618398777273  0.60994377338636  0.11819147013636  0.21492743447727  0.08550676442500  0.36902416156818  -0.00945000232727  0.37365929442500  0.57125222897727  -0.04003436927273  0.12586976226364  0.76421628059091  0.00531030818864  -0.11462315704545  0.88609706486818  -0.11593148045455  0.19654779679545  0.77178012515682  0.19478886168182  0.42637658068182  0.35729860654545  -0.07091175768182  0.00000000000000  0.81624845204091  0.81624845204318  0.22481439549773  0.67109525361364  0.67109525384091  0.27550958893182  1.08382033230455  1.08382033230455  0.54588888979773
-0.16950492288636  -0.02289024568182  0.10032437238636  0.18760504319432  0.33714108772727  0.32397884022727  0.17592524763636  0.08564927568182  0.45977164004545  0.38104749522727  0.68235910167864  -0.00164945688636  0.01342124202273  0.31922078425000  0.44875154145455  0.41427084604545  0.10067470777273  0.86086469577273  0.07855535168182  0.73651359495455  0.27799815693816  0.05048413788636  0.16046378963636  0.37669395545455  0.39208578168182  0.14030747906818  0.49606441727273  0.11749597563636  0.05554083153409  1.27661436795455  0.18116988785909  0.29331422427273  0.51685254440909  0.26433548065682  0.34090732295455  0.25589685421364  0.24498723377273  0.32371787279545  0.81624845204091  0.00000000000000  0.79179910966591  0.79179910989091  0.20973967498409  1.09817910750000  1.09817910772727  0.22971637931818  0.74515693590909  0.74515693590909
0.63876269343182  -0.02289024568182  0.10032437211364  0.76168780409091  0.33714108772727  0.32397884025000  0.11678480475000  0.08564927568182  0.45977164004545  0.44952628675000  0.68235910168545  -0.00164945686364  0.14657155904545  0.31922078425000  0.44875154147727  0.03593058640682  0.10067470781818  0.86086469577273  0.32783294738636  0.73651359495455  0.27799815702855  0.29845844990909  0.16046378984091  0.37669395570455  0.79136445434091  0.14030747881818  0.49606441750000  0.96415561704545  0.05554083153182  1.27661436795455  0.65250073452273  0.29331422422727  0.51685254440909  0.57647453070909  0.34090732318182  0.25589685445000  0.29263022527273  0.32371787279545  0.81624845204318  0.79179910966591  0.00000000000000  0.28127201363636  0.44574627013636  0.44574627013636  0.38800858368182  0.78194613540909  0.78194613540909  -0.03937049995455
0.63876269320455  -0.02802899636364  0.10943843768182  0.76168780386364  -0.10051227565909  -0.05423793077273  0.11678480472727  0.16388037368182  -0.03935668025000  0.44952628675000  0.23015256669455  0.21185171852273  0.14657155909091  0.19769287306818  0.21736732538636  0.03593058638409  0.03653521104545  0.42895768850000  0.32783294743182  0.32885572681818  0.10624634235582  0.29845844990909  0.17029468040909  -0.14920139000000  0.79136445434091  0.11027490290909  0.16276056454545  0.96415561704545  -0.00632297712500  0.43176187795455  0.65250073452273  -0.00971723354545  0.11052750331818  0.57647453091364  0.05426917931818  0.23752597697500  0.29263022527273  -0.12109348986364  0.22481439549773  0.79179910989091  0.28127201363636  0.00000000000000  0.32027340963636  0.32027340963636  0.11450551190909  0.50065722615909  0.50065722593182  0.11368718429545
0.48778867088636  0.35629512593182  0.09494123013182  -0.03801619840909  0.53424792604545  0.33352114161364  0.10596520459091  -0.01430447668182  0.10297046395455  0.48409291847727  0.68737446372727  0.59272665684091  -0.02357878561364  0.09121512372727  0.69194708477273  -0.10231984359318  0.06821399584091  0.75911679943182  0.11681605999773  0.75692103788636  0.44424119372500  0.15132917527273  0.32019437006364  0.91044362152273  0.11073396752273  0.35126634632727  0.48670815227273  0.20460252659091  0.25975521711364  0.79303672988636  0.21891237888636  0.40973351777500  1.03581935325000  0.38967035579091  1.04919962561364  0.24768494462955  0.18028958302273  0.64300982760455  0.67109525361364  0.20973967498409  0.44574627013636  0.32027340963636  0.00000000000000  0.18875113431818  0.18875113434091  0.20066852020455  0.15671151731818  0.15671151731818
0.64392058496273  0.35629512593182  0.09494123013636  0.60447570675000  0.53424792604545  0.33352114163636  1.08667642256818  -0.01430447668182  0.10297046402273  0.06559858068182  0.68737446350000  0.59272665684091  0.08845816690909  0.09121512372727  0.69194708477273  1.17087342056818  0.06821399584091  0.75911679943182  1.21754616478727  0.75692103788636  0.44424119372727  0.27557649263636  0.32019437028864  0.91044362152273  0.43526442831136  0.35126634632955  0.48670815204545  0.11081115182273  0.25975521734091  0.79303672988636  0.96601324634091  0.40973351779545  1.03581935325000  0.62853680034091  1.04919962561364  0.24768494462955  0.28382534195455  0.64300982781136  0.67109525384091  1.09817910750000  0.44574627013636  0.32027340963636  0.18875113431818  0.00000000000000  -0.07757933227273  0.25773811720455  0.25773811720455  0.02654947813636
0.64392058496318  -0.09816150420455  -0.12070770550227  0.60447570675000  0.14920439022727  0.16773108393182  1.08667642256818  0.06975954509091  0.05367938922727  0.06559858068182  0.13823446993182  0.03262885902500  0.08845816693182  0.16415734350000  0.49730911045455  1.17087342056818  -0.01012328543182  0.52974283965909  1.21754616476318  0.32279166736364  0.06171128713636  0.27557649259091  0.04919531069773  0.41964648879545  0.43526442831591  0.23203217378182  -0.07148831500000  0.11081115182045  0.00281351415909  0.38528619579545  0.96601324609091  -0.13347714027273  0.43119623402273  0.62853680011364  0.86551606688636  0.24155085831136  0.28382534218182  0.40868153151591  0.27550958893182  1.09817910772727  0.38800858368182  0.11450551190909  0.18875113434091  -0.07757933227273  0.00000000000000  0.23773529209091  0.23773529211364  0.07188563965909
0.48406696326136  0.00446965800000  0.08638835204545  0.24949926488636  0.33835559165909  0.21125070818182  0.62450511852273  0.06338027511364  0.05665540595455  -0.00456593525000  0.44814666745455  0.07227621713409  -0.12351368940909  0.98259061590909  -0.04649428989091  0.33673266056818  0.02226832763636  0.38231227356591  0.87334996069250  0.57251554022727  0.68424532702273  -0.05784792288636  0.33443069972727  0.69936618861591  -0.03028536194773  0.41900565525000  0.30287704486364  0.00676993932045  0.14716722415682  1.01617858245227  0.53343324593182  0.37755375068182  0.72050398736364  0.13123650829545  1.42941167079545  0.31827985463636  0.06004720745455  0.24669293304091  1.08382033230455  0.22971637931818  0.78194613540909  0.50065722615909  0.20066852020455  0.25773811720455  0.23773529209091  0.00000000000000  0.22905660790682  0.22905660767955
