0.00000000000000  1.20864797763636  1.20864797763636  0.42866768831818  1.39630138795455  1.39630138795455  -0.09369208795455  1.38823681895455  1.38823681895455  0.01948993561364  1.32693667120455  1.32693666893182  0.41804426120455  0.71539262109091  0.71539262109091  0.13998710377273  0.45613989563636  0.45613989561364  0.18620686322727  0.45735868344091  0.45735868342045  0.38445746562727  0.36002582925000  0.36002582925000  0.15112593822727  0.57921602927273  0.57921602927273  0.39471841618182  0.39575111345455  0.39575111343182  0.11469023468182  1.21711803295455  1.21711803295455  0.28654585886364  1.15327547440909  1.15327547213636  0.33538614150000  1.08776800379545  1.08776800379545  0.16052313879545  1.04238838077273  1.04238838077273  0.52171163045455  0.82204888202273  0.82204888181818  0.56381910468182  1.40069454487050  1.40069454464614
1.20864797763636  0.00000000000000  0.29652061146420  0.87065815868636  0.87065815868636  0.26445452814091  1.03434542965909  1.03434542965909  0.16772054761364  0.76140734631818  0.76140734631818  -0.06596388122727  1.00481154429545  1.00481154452273  0.18723463206818  0.88328661607045  0.88328661609773  0.08956728609545  0.33214717277273  0.33214717252273  0.02134794415909  0.30467430550000  0.30467430529545  -0.05619528595455  0.38595893273636  0.38595893271364  0.10560312694318  0.32468968084091  0.32468968084091  0.13620977643182  0.24190669763636  0.24190669763636  0.03468206900000  0.33680788331818  0.33680788354545  0.09021192236364  0.69123456097727  0.69123456097727  0.24315834495455  0.39458491831818  0.39458491786364  0.19671408372727  0.70140015727727  0.70140015750455  0.32811548250682  0.29893567098409  0.29893567120909  0.10524809924318
1.20864797763636  0.29652061146420  0.00000000000000  1.10066066204545  1.10066066204545  0.36516271122727  0.84311593659091  0.84311593636364  0.12067088909091  0.76607649613636  0.76607649636364  0.35761567750000  0.47405228175000  0.47405228179545  -0.06640278568182  0.75861085765909  0.75861085765909  0.34626595825000  0.59249797443182  0.59249797443182  0.08518491500000  0.54829181909091  0.54829181888636  0.03465332900000  0.36003910881818  0.36003910879545  -0.01143613152273  0.41452297031818  0.41452297031818  0.01895390627273  0.37960740909091  0.37960740884091  0.16799144034091  0.30706645845455  0.30706645868182  0.07686884886364  0.32114246304545  0.32114246306818  -0.03688983561364  0.36511323129545  0.36511323129545  0.16395123915909  0.58983081327273  0.58983081350000  -0.06601632354545  0.40557796438636  0.40557796438636  -0.19260273434091
0.42866768831818  0.87065815868636  1.10066066204545  0.00000000000000  0.35789269093182  0.35789269113636  0.03261046259091  0.80420874959091  0.80420874959091  0.26582361959091  0.82933117995455  0.82933118000000  0.27041088434091  0.86957887836364  0.86957887859091  0.29880943672727  0.55446494679545  0.55446494680227  0.12962170565000  0.37047279438636  0.37047279438636  0.00623285547727  0.59037250156818  0.59037250159091  0.09442106818182  0.39083317686364  0.39083317913636  0.06760660163636  0.72324304711364  0.72324304756818  0.15306591781818  0.48861108590909  0.48861108590909  0.15218852772727  0.82623470531818  0.82623470531818  0.30210708575000  0.73432550359091  0.73432550359091  0.23261456245455  0.93192805331818  0.93192805286364  -0.01402860268182  0.74553090397727  0.74553090420455  0.38925502511364  0.81631729434091  0.81631729434091
1.39630138795455  0.87065815868636  1.10066066204545  0.35789269093182  0.00000000000000  0.14928024706818  0.96755151984091  0.96755151984091  0.46873713984091  1.08915178113636  1.08915178113636  0.63916161704545  0.91171334609091  0.91171334631818  0.63788303686364  0.89667429900000  0.89667429877273  0.38908686581818  0.81351024954545  0.81351024927273  0.21550405275000  0.92391352572727  0.92391352572727  0.26065467936364  0.65417838612500  0.65417838615000  0.13606999900909  0.55019484877273  0.55019484879545  0.07079543372727  0.63927032329545  0.63927032329545  0.20780867670455  0.68563455961364  0.68563455963636  -0.06413590463636  0.48471836295455  0.48471836318182  0.08948016386364  0.62504856784091  0.62504856806818  -0.04431248079545  0.87990543170455  0.87990543170455  0.22457845375000  0.66391950754545  0.66391950754545  0.07960193700000
1.39630138795455  0.26445452814091  0.36516271122727  0.35789269113636  0.14928024706818  0.00000000000000  0.98740412054545  0.98740412054545  0.13943764900000  0.65103732429545  0.65103732427273  0.11654053493182  0.76048361336364  0.76048361336364  0.11970668636364  0.82875110268182  0.82875110290909  0.34538808654545  0.85976789040909  0.85976789040909  0.23452329777273  0.61498214406818  0.61498214406818  0.01173978447727  0.69784072122727  0.69784072122727  0.26007887077273  0.53759594859091  0.53759594881818  -0.04708030370455  0.65202623806818  0.65202623809091  0.09122063329545  0.73296591377273  0.73296591354545  -0.00230423286364  0.76839919559091  0.76839919581818  0.32635797295455  0.70755889975000  0.70755889975000  0.05385887888636  0.59995420811591  0.59995420834091  0.18383724447955  0.58324046661818  0.58324046707727  0.16617517943409
-0.09369208795455  1.03434542965909  0.84311593659091  0.03261046259091  0.96755151984091  0.98740412054545  0.00000000000000  0.56345049072727  0.56345049072727  -0.05963158154545  0.74751980075000  0.74751980075000  -0.12701616515909  0.55816899177273  0.55816899200000  -0.02849590177273  0.61957550597727  0.61957550593182  0.09038269954545  1.68215660540909  1.68215660540909  1.06295237140909  1.73111731500000  1.73111731500000  0.51447284181818  0.63923457297727  0.63923457297727  0.43144586797727  0.41958146865909  0.41958146865909  0.18940713097727  0.35161829182727  0.35161829183182  0.05276402228409  0.31712231076591  0.31712231074545  0.18466470899318  0.49954771322727  0.49954771345455  0.17147710779545  0.36625930715000  0.36625930717045  -0.02076861482273  1.38174511704545  1.38174511704545  0.75625103747727  1.41895784500682  1.41895784499773
1.38823681895455  1.03434542965909  0.84311593636364  0.80420874959091  0.96755151984091  0.98740412054545  0.56345049072727  0.00000000000000  0.43546821635909  1.33073149497727  1.33073149270455  0.34789054820455  1.14258753818182  1.14258753818182  0.83052149681818  0.83490116434091  0.83490116438636  0.39647330529545  1.35607565538636  1.35607565540909  0.84646524881818  0.80031279945227  0.80031279945227  0.41927241414091  1.02897760244091  1.02897760244091  0.64244097096818  0.78867185963182  0.78867185963409  0.14220073547045  0.89750200711364  0.89750200688636  0.27672528640909  0.81277140722727  0.81277140725000  0.27820437550000  0.30712497861364  0.30712497886364  0.22301309777273  0.27402573511364  0.27402573488636  0.27657073438636  0.34726160325000  0.34726160322727  0.04082134318182  0.38435667904545  0.38435667904545  0.11724317563636
1.38823681895455  0.16772054761364  0.12067088909091  0.80420874959091  0.46873713984091  0.13943764900000  0.56345049072727  0.43546821635909  0.00000000000000  0.32517242303409  0.32517242302955  0.19246178914091  0.42842329809091  0.42842329809091  0.05667172225000  0.58415392390909  0.58415392388636  0.22771046661364  0.39886121322727  0.39886121300000  0.14956127950000  0.63441527185795  0.63441527185864  0.28128550850500  0.31830052088636  0.31830052093182  0.24447701443182  1.17460951181818  1.17460951181818  0.22394856636364  0.88660991331818  0.88660991309091  0.26442511545455  0.76332949281818  0.76332949281818  0.44439838636364  0.56693286967725  0.56693286963240  0.23879857711616  0.84242688515909  0.84242688515909  -0.05560169288636  0.50527212602273  0.50527212579545  0.04436788400000  0.56125480463636  0.56125480463636  0.12619181256818
0.01948993561364  0.76140734631818  0.76607649613636  0.26582361959091  1.08915178113636  0.65103732429545  -0.05963158154545  1.33073149497727  0.32517242303409  0.00000000000000  0.33852093474773  0.33852093474318  0.27989605383864  0.34597425711364  0.34597425711364  0.15898935425000  0.45526740704545  0.45526740681818  -0.00575813181818  0.37621440610227  0.37621440610227  0.08698454065000  0.35416210039318  0.35416210039318  0.14847397628636  0.32826204736364  0.32826204715909  0.00377986534091  0.57153415209091  0.57153415186364  -0.25883904284091  0.30611659334091  0.30611659311364  -0.02965772531818  0.41526817152045  0.41526817174545  -0.10020396784545  1.78297777102273  1.78297777102273  0.22182268920455  0.84118544495455  0.84118544495455  0.52803062313636  0.54859690317500  0.54859690317727  0.30452596612045  0.50131205731818  0.50131205734091
1.32693667120455  0.76140734631818  0.76607649636364  0.82933117995455  1.08915178113636  0.65103732427273  0.74751980075000  1.33073149270455  0.32517242302955  0.33852093474773  0.00000000000000  0.00106975095455  0.51191623043182  0.51191623043182  0.33954669272727  0.75077688495455  0.75077688495455  0.25093936338636  0.57787677948864  0.57787677971591  0.29529955130455  1.43168838250000  1.43168838250000  0.84731971727273  1.39138424288636  1.39138424288636  0.79382656893182  1.41673407034091  1.41673407034091  -0.17472673738636  1.03363976568182  1.03363976568182  0.45900874204545  0.90192798668182  0.90192798668182  0.36382475877273  1.08071831386364  1.08071831363636  0.28167584181818  0.84870596991818  0.84870596764773  0.41002550053864  0.98222032550000  0.98222032550000  0.35925014690909  0.67360391124773  0.67360391124545  0.25398970220227
1.32693666893182  -0.06596388122727  0.35761567750000  0.82933118000000  0.63916161704545  0.11654053493182  0.74751980075000  0.34789054820455  0.19246178914091  0.33852093474318  0.00106975095455  0.00000000000000  1.23320959431818  1.23320959431818  0.89018050750000  0.95886195602273  0.95886195602273  0.01675557777273  0.42130195615909  0.42130195615909  0.40438811065909  0.35763170272727  0.35763170295455  0.34983915440909  0.42573509595455  0.42573509572727  0.31640917600000  0.42510051138636  0.42510051136364  0.12535812472727  0.33933456327273  0.33933456322727  0.20996726165909  0.43465472352273  0.43465472352273  0.19537306811364  0.73382438381818  0.73382438381818  0.21081371927273  0.52221971469773  0.52221971470682  -0.02193751661136  0.79350527209091  0.79350527209091  -0.07842664072727  0.40536231922500  0.40536231922500  0.16589096800455
0.41804426120455  1.00481154429545  0.47405228175000  0.27041088434091  0.91171334609091  0.76048361336364  -0.12701616515909  1.14258753818182  0.42842329809091  0.27989605383864  0.51191623043182  1.23320959431818  0.00000000000000  1.23710473750000  1.23710473750000  0.70818084340909  0.98694450670455  0.98694450647727  0.17067468338636  0.65955460506818  0.65955460506818  0.19665957947727  0.52428512102273  0.52428512100000  0.05902090879545  0.99235643318182  0.99235643318182  -0.18086032954545  0.59106224477045  0.59106224454545  0.17688109559091  0.51497020186364  0.51497020165909  -0.05876914925000  0.46810954845455  0.46810954845455  0.30040723918182  0.40930444468182  0.40930444465909  0.17780539056818  0.51878739847727  0.51878739870455  0.15379841834091  0.44191946675000  0.44191946627273  0.13049341445455  0.33656659677273  0.33656659677273
0.71539262109091  1.00481154452273  0.47405228179545  0.86957887836364  0.91171334631818  0.76048361336364  0.55816899177273  1.14258753818182  0.42842329809091  0.34597425711364  0.51191623043182  1.23320959431818  1.23710473750000  0.00000000000000  0.12202208445455  0.32727914068182  0.32727914063636  0.11840941195455  0.67871506631818  0.67871506652273  -0.15658185413636  0.38468938681818  0.38468938681818  0.07255350909091  0.41342257552273  0.41342257554545  0.09773386472727  0.60432798902273  0.60432798902273  0.44096414490909  0.35901488195909  0.35901488198409  0.12326060629773  0.31902413852273  0.31902413856818  0.26141988613636  0.34958764295455  0.34958764295455  0.26359354331818  0.57683162363636  0.57683162363636  0.14117328293182  0.47311719030455  0.47311719033182  0.15309415033409  1.17084278102273  1.17084278097727  0.04164070420455
0.71539262109091  0.18723463206818  -0.06640278568182  0.86957887859091  0.63788303686364  0.11970668636364  0.55816899200000  0.83052149681818  0.05667172225000  0.34597425711364  0.33954669272727  0.89018050750000  1.23710473750000  0.12202208445455  0.00000000000000  1.31333684868182  1.31333684865909  0.27577255804545  1.35494875225000  1.35494875225000  0.44832970454545  1.06394582061364  1.06394582038636  0.15886164752273  0.86872848512727  0.86872848512500  0.17441259076364  1.35404245136364  1.35404245136364  0.24768884681818  0.88511516368182  0.88511516368182  0.55113027704545  1.11885482834091  1.11885482831818  0.47677722861364  0.73641309527273  0.73641309504545  -0.17122686677273  0.94644081425455  0.94644081423864  0.03107796410455  0.99249053186364  0.99249053186364  0.58894169940909  0.38743404527273  0.38743404527273  0.06953696109091
0.13998710377273  0.88328661607045  0.75861085765909  0.29880943672727  0.89667429900000  0.82875110268182  -0.02849590177273  0.83490116434091  0.58415392390909  0.15898935425000  0.75077688495455  0.95886195602273  0.70818084340909  0.32727914068182  1.31333684868182  0.00000000000000  0.34299440518182  0.34299440518182  0.06282001386364  0.26422932861364  0.26422932863636  0.01063816565909  0.35110891709091  0.35110891709091  0.00793964320455  0.23169357190455  0.23169357191136  0.26694757430909  0.33261107572727  0.33261107575000  -0.08083613029545  0.63230969604545  0.63230969604545  0.20243057952273  0.45610958359091  0.45610958359091  0.20720900927273  0.65255249970455  0.65255249995455  0.36366754913636  0.32425891840909  0.32425891838636  0.27007390431818  1.15186845106818  1.15186845106818  0.53764157620455  0.86900085172727  0.86900085150000
0.45613989563636  0.88328661609773  0.75861085765909  0.55446494679545  0.89667429877273  0.82875110290909  0.61957550597727  0.83490116438636  0.58415392388636  0.45526740704545  0.75077688495455  0.95886195602273  0.98694450670455  0.32727914063636  1.31333684865909  0.34299440518182  0.00000000000000  0.54644345850000  0.74679313045455  0.74679313022727  0.37428227409091  0.52158255675000  0.52158255670455  0.18085053070455  0.94577611945455  0.94577611968182  0.32029492420455  0.48566918929545  0.48566918929545  0.09701381970455  0.56972619725000  0.56972619720455  0.06809547175000  0.33665617486364  0.33665617512500  0.07793316369545  0.35762426806818  0.35762426806818  -0.02219668820455  0.39119187727273  0.39119187727273  -0.08672584363636  0.34438413677273  0.34438413677273  -0.00684639945455  0.27047370620455  0.27047370620455  -0.09285817927273
0.45613989561364  0.08956728609545  0.34626595825000  0.55446494680227  0.38908686581818  0.34538808654545  0.61957550593182  0.39647330529545  0.22771046661364  0.45526740681818  0.25093936338636  0.01675557777273  0.98694450647727  0.11840941195455  0.27577255804545  0.34299440518182  0.54644345850000  0.00000000000000  0.29400731413636  0.29400731415909  -0.00188984740909  0.76105573027273  0.76105573029545  0.07754941856818  0.36146188250000  0.36146188250000  -0.08833856750000  0.39835055114091  0.39835055112727  0.10860411435455  1.26139039829091  1.26139039829091  0.73416256159545  1.24878189340909  1.24878189318182  0.72189732386364  0.86665203731818  0.86665203729545  0.48253411047727  1.04036263886364  1.04036263888636  0.44250472963636  0.89502124479545  0.89502124456818  0.37823548979545  0.78878529038636  0.78878529038636  0.26444514765909
0.18620686322727  0.33214717277273  0.59249797443182  0.12962170565000  0.81351024954545  0.85976789040909  0.09038269954545  1.35607565538636  0.39886121322727  -0.00575813181818  0.57787677948864  0.42130195615909  0.17067468338636  0.67871506631818  1.35494875225000  0.06282001386364  0.74679313045455  0.29400731413636  0.00000000000000  0.70235030362500  0.70235030362727  0.02163334735455  0.70164921512045  0.70164921511818  -0.00922989748182  0.63690052090909  0.63690052090909  0.26002770190909  0.49295704447727  0.49295704427273  0.15073955743182  0.63062017606818  0.63062017606818  0.17947368170455  0.62750983990000  0.62750984012727  0.33927398714545  0.61258381115909  0.61258381115909  0.22364392252273  0.69533018515000  0.69533018515000  -0.05534962166818  1.21919308455227  1.21919308455455  0.79858760476591  0.78813123100000  0.78813123100000
0.45735868344091  0.33214717252273  0.59249797443182  0.37047279438636  0.81351024927273  0.85976789040909  1.68215660540909  1.35607565540909  0.39886121300000  0.37621440610227  0.57787677971591  0.42130195615909  0.65955460506818  0.67871506652273  1.35494875225000  0.26422932861364  0.74679313022727  0.29400731415909  0.70235030362500  0.00000000000000  0.11891829204545  0.79240524841818  0.79240524864773  0.24186362889773  0.66994443509091  0.66994443509091  0.47085419918182  0.95306468529318  0.95306468527273  0.45680362740909  0.60871775734091  0.60871775734091  0.33972710981818  0.73872295001136  0.73872295001818  0.54045597954318  0.71164462586364  0.71164462609091  0.39889188813636  0.92569536972727  0.92569536972727  0.49534089713636  0.91461994322727  0.91461994320455  0.27688715338636  0.82834566529545  0.82834566531818  0.15378220970455
0.45735868342045  0.02134794415909  0.08518491500000  0.37047279438636  0.21550405275000  0.23452329777273  1.68215660540909  0.84646524881818  0.14956127950000  0.37621440610227  0.29529955130455  0.40438811065909  0.65955460506818  -0.15658185413636  0.44832970454545  0.26422932863636  0.37428227409091  -0.00188984740909  0.70235030362727  0.11891829204545  0.00000000000000  0.75326616080886  0.75326616103750  0.28188771358455  0.65072106879545  0.65072106879545  0.11052976152273  0.54328229066364  0.54328229066818  0.02627003830682  0.47747191070455  0.47747191070455  0.16026043661364  0.48117474263636  0.48117474263636  -0.16773576477273  0.70854512806818  0.70854512806818  -0.29397478193182  0.56404789352045  0.56404789352273  0.20360786892955  0.54263351806818  0.54263351802273  0.13243003593182  0.72355347140909  0.72355347140909  0.54542829572727
0.38445746562727  0.30467430550000  0.54829181909091  0.00623285547727  0.92391352572727  0.61498214406818  1.06295237140909  0.80031279945227  0.63441527185795  0.08698454065000  1.43168838250000  0.35763170272727  0.19665957947727  0.38468938681818  1.06394582061364  0.01063816565909  0.52158255675000  0.76105573027273  0.02163334735455  0.79240524841818  0.75326616080886  0.00000000000000  0.61465405888636  0.61465405888636  0.29667207047727  0.68282530329545  0.68282530327273  0.27977392347727  0.80942634904545  0.80942634904545  0.17815827300000  0.61218318909091  0.61218318886364  0.14581934113636  0.57321159993182  0.57321159993182  0.07429373311364  0.55431417068182  0.55431417068182  0.08175363977273  0.47663720286364  0.47663720286364  -0.02704334395455  0.55807213972955  0.55807213995682  -0.00070189150227  1.39994462315909  1.39994462315909
0.36002582925000  0.30467430529545  0.54829181888636  0.59037250156818  0.92391352572727  0.61498214406818  1.73111731500000  0.80031279945227  0.63441527185864  0.35416210039318  1.43168838250000  0.35763170295455  0.52428512102273  0.38468938681818  1.06394582038636  0.35110891709091  0.52158255670455  0.76105573029545  0.70164921512045  0.79240524864773  0.75326616103750  0.61465405888636  0.00000000000000  0.72496840134091  1.02832777584091  1.02832777584091  0.92667553265909  0.82865069113636  0.82865069136364  0.66314984863636  0.88778460922727  0.88778460922727  0.41705082925000  0.48638181569773  0.48638181547273  0.37397879956136  0.38042473781136  0.38042473778864  0.17159456774545  0.41841780693182  0.41841780715909  -0.00909790350000  0.51798565170455  0.51798565170455  0.26172540102273  0.34167764465909  0.34167764443182  0.13724808906818
0.36002582925000  -0.05619528595455  0.03465332900000  0.59037250159091  0.26065467936364  0.01173978447727  1.73111731500000  0.41927241414091  0.28128550850500  0.35416210039318  0.84731971727273  0.34983915440909  0.52428512100000  0.07255350909091  0.15886164752273  0.35110891709091  0.18085053070455  0.07754941856818  0.70164921511818  0.24186362889773  0.28188771358455  0.61465405888636  0.72496840134091  0.00000000000000  0.44937866972091  0.44937866972045  0.06913468255273  0.54115160086364  0.54115160086364  0.14408108204545  0.48750938072727  0.48750938072955  0.12244327722955  0.56952250259091  0.56952250259091  -0.04371564884091  0.74063085017045  0.74063085015000  0.51841977861591  0.56826488286364  0.56826488286364  0.11490415395455  0.76627665173864  0.76627665174091  0.18947926576136  0.49485409743182  0.49485409743182  0.26334903320455
0.15112593822727  0.38595893273636  0.36003910881818  0.09442106818182  0.65417838612500  0.69784072122727  0.51447284181818  1.02897760244091  0.31830052088636  0.14847397628636  1.39138424288636  0.42573509595455  0.05902090879545  0.41342257552273  0.86872848512727  0.00793964320455  0.94577611945455  0.36146188250000  -0.00922989748182  0.66994443509091  0.65072106879545  0.29667207047727  1.02832777584091  0.44937866972091  0.00000000000000  1.06151808938636  1.06151808711364  0.79687565393182  0.73383665162500  0.73383665162500  0.49118549312727  0.64855454814318  0.64855454814318  0.28259376531136  0.67460443235000  0.67460443235000  0.33370682187727  0.67976646537727  0.67976646537727  0.53280880229545  0.84964021311364  0.84964021311364  0.00827180165909  0.62474636245455  0.62474636243182  -0.01881854802273  0.60017881829545  0.60017881806818
0.57921602927273  0.38595893271364  0.36003910879545  0.39083317686364  0.65417838615000  0.69784072122727  0.63923457297727  1.02897760244091  0.31830052093182  0.32826204736364  1.39138424288636  0.42573509572727  0.99235643318182  0.41342257554545  0.86872848512500  0.23169357190455  0.94577611968182  0.36146188250000  0.63690052090909  0.66994443509091  0.65072106879545  0.68282530329545  1.02832777584091  0.44937866972045  1.06151808938636  0.00000000000000  0.06214679175000  0.41671952679591  0.41671952679682  0.16005810588500  0.25526877965909  0.25526877965909  -0.08723866925000  0.25452574511364  0.25452574513636  0.03960176906818  0.21343329325455  0.21343329325455  0.06357966639091  0.40841189045455  0.40841189045455  0.01684067054545  0.53495829122727  0.53495829168182  0.10650770377273  0.28700107311364  0.28700107311364  0.13176462688636
0.57921602927273  0.10560312694318  -0.01143613152273  0.39083317913636  0.13606999900909  0.26007887077273  0.63923457297727  0.64244097096818  0.24447701443182  0.32826204715909  0.79382656893182  0.31640917600000  0.99235643318182  0.09773386472727  0.17441259076364  0.23169357191136  0.32029492420455  -0.08833856750000  0.63690052090909  0.47085419918182  0.11052976152273  0.68282530327273  0.92667553265909  0.06913468255273  1.06151808711364  0.06214679175000  0.00000000000000  0.67060147918182  0.67060147915909  0.41848647940909  0.51299195604545  0.51299195581818  0.12765897513636  0.62923009200000  0.62923009222727  0.29955984381818  0.67895203122727  0.67895202895455  0.14390440213636  0.47280490847727  0.47280490847727  0.04486936938636  0.38591446865909  0.38591446865909  -0.01276919634091  0.42236646781727  0.42236646781959  0.23041754132116
0.39471841618182  0.32468968084091  0.41452297031818  0.06760660163636  0.55019484877273  0.53759594859091  0.43144586797727  0.78867185963182  1.17460951181818  0.00377986534091  1.41673407034091  0.42510051138636  -0.18086032954545  0.60432798902273  1.35404245136364  0.26694757430909  0.48566918929545  0.39835055114091  0.26002770190909  0.95306468529318  0.54328229066364  0.27977392347727  0.82865069113636  0.54115160086364  0.79687565393182  0.41671952679591  0.67060147918182  0.00000000000000  0.38122708834091  0.38122708834091  -0.00815914715909  0.39154711165909  0.39154711168182  -0.00450188427273  0.94737231953773  0.94737231951773  0.26456133731477  1.02322744536364  1.02322744536364  0.38632506877273  1.10975214479545  1.10975214479545  0.16135071706818  0.54963231507500  0.54963231502955  0.09290504439091  0.39883279013636  0.39883279011364
0.39575111345455  0.32468968084091  0.41452297031818  0.72324304711364  0.55019484879545  0.53759594881818  0.41958146865909  0.78867185963409  1.17460951181818  0.57153415209091  1.41673407034091  0.42510051136364  0.59106224477045  0.60432798902273  1.35404245136364  0.33261107572727  0.48566918929545  0.39835055112727  0.49295704447727  0.95306468527273  0.54328229066818  0.80942634904545  0.82865069136364  0.54115160086364  0.73383665162500  0.41671952679682  0.67060147915909  0.38122708834091  0.00000000000000  -0.03476948561364  0.47490023206591  0.47490023183636  -0.04520310895909  0.48973374756818  0.48973374756818  0.09399716752273  0.51894378138182  0.51894378138182  -0.02879341343636  0.54030528333182  0.54030528335455  0.17510678221818  0.64671711779205  0.64671711783886  0.19272433481545  0.44488761618182  0.44488761620455  0.18923120118182
0.39575111343182  0.13620977643182  0.01895390627273  0.72324304756818  0.07079543372727  -0.04708030370455  0.41958146865909  0.14220073547045  0.22394856636364  0.57153415186364  -0.17472673738636  0.12535812472727  0.59106224454545  0.44096414490909  0.24768884681818  0.33261107575000  0.09701381970455  0.10860411435455  0.49295704427273  0.45680362740909  0.02627003830682  0.80942634904545  0.66314984863636  0.14408108204545  0.73383665162500  0.16005810588500  0.41848647940909  0.38122708834091  -0.03476948561364  0.00000000000000  0.57905029918182  0.57905029918182  -0.07655308036364  0.89869760270455  0.89869760270455  0.27820302129545  0.69555853802273  0.69555853825000  -0.05083851102273  1.16761884465909  1.16761884465909  0.35927669375000  0.74836943045455  0.74836943045455  0.30001782704545  1.06017896045455  1.06017896022727  0.24645112568182
0.11469023468182  0.24190669763636  0.37960740909091  0.15306591781818  0.63927032329545  0.65202623806818  0.18940713097727  0.89750200711364  0.88660991331818  -0.25883904284091  1.03363976568182  0.33933456327273  0.17688109559091  0.35901488195909  0.88511516368182  -0.08083613029545  0.56972619725000  1.26139039829091  0.15073955743182  0.60871775734091  0.47747191070455  0.17815827300000  0.88778460922727  0.48750938072727  0.49118549312727  0.25526877965909  0.51299195604545  -0.00815914715909  0.47490023206591  0.57905029918182  0.00000000000000  1.08957455070455  1.08957455070455  0.48250441479545  0.90138199359091  0.90138199359091  0.36912973040909  0.90445578743182  0.90445578743182  0.02582371279545  0.83059419118182  0.83059419118182  0.27592787336364  1.09116202340909  1.09116202340909  0.54167002945455  0.81480898775000  0.81480898777273
1.21711803295455  0.24190669763636  0.37960740884091  0.48861108590909  0.63927032329545  0.65202623809091  0.35161829182727  0.89750200688636  0.88660991309091  0.30611659334091  1.03363976568182  0.33933456322727  0.51497020186364  0.35901488198409  0.88511516368182  0.63230969604545  0.56972619720455  1.26139039829091  0.63062017606818  0.60871775734091  0.47747191070455  0.61218318909091  0.88778460922727  0.48750938072955  0.64855454814318  0.25526877965909  0.51299195581818  0.39154711165909  0.47490023183636  0.57905029918182  1.08957455070455  0.00000000000000  0.21648522759091  0.80848509220455  0.80848509220455  0.30127684279545  0.46304326104545  0.46304326104545  -0.20199305600000  0.38836045784091  0.38836045765909  -0.17570361018182  0.46417038240909  0.46417038240909  -0.09949530440909  0.40517205952273  0.40517205979545  -0.05249601747727
1.21711803295455  0.03468206900000  0.16799144034091  0.48861108590909  0.20780867670455  0.09122063329545  0.35161829183182  0.27672528640909  0.26442511545455  0.30611659311364  0.45900874204545  0.20996726165909  0.51497020165909  0.12326060629773  0.55113027704545  0.63230969604545  0.06809547175000  0.73416256159545  0.63062017606818  0.33972710981818  0.16026043661364  0.61218318886364  0.41705082925000  0.12244327722955  0.64855454814318  -0.08723866925000  0.12765897513636  0.39154711168182  -0.04520310895909  -0.07655308036364  1.08957455070455  0.21648522759091  0.00000000000000  0.47196739820455  0.47196739820591  0.15151230366545  0.54799757152045  0.54799757152045  0.16886812815909  0.59152841840909  0.59152841845455  0.22247176440455  1.03564704575136  1.03564704575045  0.36352655820409  0.85416208072727  0.85416208072727  0.11581521697727
0.28654585886364  0.33680788331818  0.30706645845455  0.15218852772727  0.68563455961364  0.73296591377273  0.05276402228409  0.81277140722727  0.76332949281818  -0.02965772531818  0.90192798668182  0.43465472352273  -0.05876914925000  0.31902413852273  1.11885482834091  0.20243057952273  0.33665617486364  1.24878189340909  0.17947368170455  0.73872295001136  0.48117474263636  0.14581934113636  0.48638181569773  0.56952250259091  0.28259376531136  0.25452574511364  0.62923009200000  -0.00450188427273  0.48973374756818  0.89869760270455  0.48250441479545  0.80848509220455  0.47196739820455  0.00000000000000  0.89956943588636  0.89956943588636  0.15883604593182  0.89418580747727  0.89418580747727  0.29780594315909  0.76163801543182  0.76163801518182  0.06934239936364  0.64138697552273  0.64138697552273  0.19078204947727  0.60968044817500  0.60968044840227
1.15327547440909  0.33680788354545  0.30706645868182  0.82623470531818  0.68563455963636  0.73296591354545  0.31712231076591  0.81277140725000  0.76332949281818  0.41526817152045  0.90192798668182  0.43465472352273  0.46810954845455  0.31902413856818  1.11885482831818  0.45610958359091  0.33665617512500  1.24878189318182  0.62750983990000  0.73872295001818  0.48117474263636  0.57321159993182  0.48638181547273  0.56952250259091  0.67460443235000  0.25452574513636  0.62923009222727  0.94737231953773  0.48973374756818  0.89869760270455  0.90138199359091  0.80848509220455  0.47196739820591  0.89956943588636  0.00000000000000  0.08898682419091  0.69466201863636  0.69466201840909  0.17725411659091  0.71583518218182  0.71583518218182  0.07971758672727  1.11723055600000  1.11723055600000  0.65041304245455  1.40974095745454  1.40974095725000  0.55681695677273
1.15327547213636  0.09021192236364  0.07686884886364  0.82623470531818  -0.06413590463636  -0.00230423286364  0.31712231074545  0.27820437550000  0.44439838636364  0.41526817174545  0.36382475877273  0.19537306811364  0.46810954845455  0.26141988613636  0.47677722861364  0.45610958359091  0.07793316369545  0.72189732386364  0.62750984012727  0.54045597954318  -0.16773576477273  0.57321159993182  0.37397879956136  -0.04371564884091  0.67460443235000  0.03960176906818  0.29955984381818  0.94737231951773  0.09399716752273  0.27820302129545  0.90138199359091  0.30127684279545  0.15151230366545  0.89956943588636  0.08898682419091  0.00000000000000  0.39824352872727  0.39824352872727  0.26135090672727  0.36445708751818  0.36445708746818  0.18462752708409  0.35503917440909  0.35503917418182  -0.01018669100000  0.38853286302273  0.38853286302273  0.16957418943182
0.33538614150000  0.69123456097727  0.32114246304545  0.30210708575000  0.48471836295455  0.76839919559091  0.18466470899318  0.30712497861364  0.56693286967725  -0.10020396784545  1.08071831386364  0.73382438381818  0.30040723918182  0.34958764295455  0.73641309527273  0.20720900927273  0.35762426806818  0.86665203731818  0.33927398714545  0.71164462586364  0.70854512806818  0.07429373311364  0.38042473781136  0.74063085017045  0.33370682187727  0.21343329325455  0.67895203122727  0.26456133731477  0.51894378138182  0.69555853802273  0.36912973040909  0.46304326104545  0.54799757152045  0.15883604593182  0.69466201863636  0.39824352872727  0.00000000000000  0.29351012994545  0.29351012992273  0.18046287844773  0.41318588618182  0.41318588618182  0.16721891063636  0.53839614206818  0.53839614184091  0.03866400684091  0.34295776437500  0.34295776437500
1.08776800379545  0.69123456097727  0.32114246306818  0.73432550359091  0.48471836318182  0.76839919581818  0.49954771322727  0.30712497886364  0.56693286963240  1.78297777102273  1.08071831363636  0.73382438381818  0.40930444468182  0.34958764295455  0.73641309504545  0.65255249970455  0.35762426806818  0.86665203729545  0.61258381115909  0.71164462609091  0.70854512806818  0.55431417068182  0.38042473778864  0.74063085015000  0.67976646537727  0.21343329325455  0.67895202895455  1.02322744536364  0.51894378138182  0.69555853825000  0.90445578743182  0.46304326104545  0.54799757152045  0.89418580747727  0.69466201840909  0.39824352872727  0.29351012994545  0.00000000000000  0.11108630253636  0.44327839095455  0.44327839072500  -0.06151615068182  0.82076887279545  0.82076887279545  0.27640989856818  0.66983759025000  0.66983759045455  0.14349153043182
1.08776800379545  0.24315834495455  -0.03688983561364  0.73432550359091  0.08948016386364  0.32635797295455  0.49954771345455  0.22301309777273  0.23879857711616  1.78297777102273  0.28167584181818  0.21081371927273  0.40930444465909  0.26359354331818  -0.17122686677273  0.65255249995455  -0.02219668820455  0.48253411047727  0.61258381115909  0.39889188813636  -0.29397478193182  0.55431417068182  0.17159456774545  0.51841977861591  0.67976646537727  0.06357966639091  0.14390440213636  1.02322744536364  -0.02879341343636  -0.05083851102273  0.90445578743182  -0.20199305600000  0.16886812815909  0.89418580747727  0.17725411659091  0.26135090672727  0.29351012992273  0.11108630253636  0.00000000000000  0.79499248500000  0.79499248500000  0.03094635090909  0.55340794363636  0.55340794363636  0.25047373113636  0.97731888327273  0.97731888325000  0.52090565915909
0.16052313879545  0.39458491831818  0.36511323129545  0.23261456245455  0.62504856784091  0.70755889975000  0.17147710779545  0.27402573511364  0.84242688515909  0.22182268920455  0.84870596991818  0.52221971469773  0.17780539056818  0.57683162363636  0.94644081425455  0.36366754913636  0.39119187727273  1.04036263886364  0.22364392252273  0.92569536972727  0.56404789352045  0.08175363977273  0.41841780693182  0.56826488286364  0.53280880229545  0.40841189045455  0.47280490847727  0.38632506877273  0.54030528333182  1.16761884465909  0.02582371279545  0.38836045784091  0.59152841840909  0.29780594315909  0.71583518218182  0.36445708751818  0.18046287844773  0.44327839095455  0.79499248500000  0.00000000000000  0.61000195511364  0.61000195511364  0.35123635054545  0.78415902402273  0.78415902402273  0.26335886375000  0.64601908966591  0.64601908966818
1.04238838077273  0.39458491786364  0.36511323129545  0.93192805331818  0.62504856806818  0.70755889975000  0.36625930715000  0.27402573488636  0.84242688515909  0.84118544495455  0.84870596764773  0.52221971470682  0.51878739847727  0.57683162363636  0.94644081423864  0.32425891840909  0.39119187727273  1.04036263888636  0.69533018515000  0.92569536972727  0.56404789352273  0.47663720286364  0.41841780715909  0.56826488286364  0.84964021311364  0.40841189045455  0.47280490847727  1.10975214479545  0.54030528335455  1.16761884465909  0.83059419118182  0.38836045765909  0.59152841845455  0.76163801543182  0.71583518218182  0.36445708746818  0.41318588618182  0.44327839072500  0.79499248500000  0.61000195511364  0.00000000000000  0.45650651202955  0.73304046343182  0.73304046340909  0.13638445956818  0.92559746636364  0.92559746613636  -0.07905172250000
1.04238838077273  0.19671408372727  0.16395123915909  0.93192805286364  -0.04431248079545  0.05385887888636  0.36625930717045  0.27657073438636  -0.05560169288636  0.84118544495455  0.41002550053864  -0.02193751661136  0.51878739870455  0.14117328293182  0.03107796410455  0.32425891838636  -0.08672584363636  0.44250472963636  0.69533018515000  0.49534089713636  0.20360786892955  0.47663720286364  -0.00909790350000  0.11490415395455  0.84964021311364  0.01684067054545  0.04486936938636  1.10975214479545  0.17510678221818  0.35927669375000  0.83059419118182  -0.17570361018182  0.22247176440455  0.76163801518182  0.07971758672727  0.18462752708409  0.41318588618182  -0.06151615068182  0.03094635090909  0.61000195511364  0.45650651202955  0.00000000000000  0.64756107836364  0.64756107836364  0.14100246345455  0.49627976209091  0.49627976186364  0.13438093313636
0.52171163045455  0.70140015727727  0.58983081327273  -0.01402860268182  0.87990543170455  0.59995420811591  -0.02076861482273  0.34726160325000  0.50527212602273  0.52803062313636  0.98222032550000  0.79350527209091  0.15379841834091  0.47311719030455  0.99249053186364  0.27007390431818  0.34438413677273  0.89502124479545  -0.05534962166818  0.91461994322727  0.54263351806818  -0.02704334395455  0.51798565170455  0.76627665173864  0.00827180165909  0.53495829122727  0.38591446865909  0.16135071706818  0.64671711779205  0.74836943045455  0.27592787336364  0.46417038240909  1.03564704575136  0.06934239936364  1.11723055600000  0.35503917440909  0.16721891063636  0.82076887279545  0.55340794363636  0.35123635054545  0.73304046343182  0.64756107836364  0.00000000000000  0.45294609988636  0.45294610011364  0.22498045936364  0.33149368390909  0.33149368411364
0.82204888202273  0.70140015750455  0.58983081350000  0.74553090397727  0.87990543170455  0.59995420834091  1.38174511704545  0.34726160322727  0.50527212579545  0.54859690317500  0.98222032550000  0.79350527209091  0.44191946675000  0.47311719033182  0.99249053186364  1.15186845106818  0.34438413677273  0.89502124456818  1.21919308455227  0.91461994320455  0.54263351802273  0.55807213972955  0.51798565170455  0.76627665174091  0.62474636245455  0.53495829168182  0.38591446865909  0.54963231507500  0.64671711783886  0.74836943045455  1.09116202340909  0.46417038240909  1.03564704575045  0.64138697552273  1.11723055600000  0.35503917418182  0.53839614206818  0.82076887279545  0.55340794363636  0.78415902402273  0.73304046340909  0.64756107836364  0.45294609988636  0.00000000000000  0.06042640384091  0.34890875725000  0.34890875725000  -0.00865441720455
0.82204888181818  0.32811548250682  -0.06601632354545  0.74553090420455  0.22457845375000  0.18383724447955  1.38174511704545  0.04082134318182  0.04436788400000  0.54859690317727  0.35925014690909  -0.07842664072727  0.44191946627273  0.15309415033409  0.58894169940909  1.15186845106818  -0.00684639945455  0.37823548979545  1.21919308455455  0.27688715338636  0.13243003593182  0.55807213995682  0.26172540102273  0.18947926576136  0.62474636243182  0.10650770377273  -0.01276919634091  0.54963231502955  0.19272433481545  0.30001782704545  1.09116202340909  -0.09949530440909  0.36352655820409  0.64138697552273  0.65041304245455  -0.01018669100000  0.53839614184091  0.27640989856818  0.25047373113636  0.78415902402273  0.13638445956818  0.14100246345455  0.45294610011364  0.06042640384091  0.00000000000000  0.42781863077273  0.42781863097727  -0.14011484129545
0.56381910468182  0.29893567098409  0.40557796438636  0.38925502511364  0.66391950754545  0.58324046661818  0.75625103747727  0.38435667904545  0.56125480463636  0.30452596612045  0.67360391124773  0.40536231922500  0.13049341445455  1.17084278102273  0.38743404527273  0.53764157620455  0.27047370620455  0.78878529038636  0.79858760476591  0.82834566529545  0.72355347140909  -0.00070189150227  0.34167764465909  0.49485409743182  -0.01881854802273  0.28700107311364  0.42236646781727  0.09290504439091  0.44488761618182  1.06017896045455  0.54167002945455  0.40517205952273  0.85416208072727  0.19078204947727  1.40974095745454  0.38853286302273  0.03866400684091  0.66983759025000  0.97731888327273  0.26335886375000  0.92559746636364  0.49627976209091  0.22498045936364  0.34890875725000  0.42781863077273  0.00000000000000  0.51529245954091  0.51529245954318
