0.00000000000000  1.15816531318182  1.15816531318182  0.53032724772727  1.04203005295455  1.04203005295455  -0.07049369386364  0.74648045200000  0.74648045200000  -0.08336499072727  0.80024556714091  0.80024556714091  0.15705705363182  0.32449797184091  0.32449797184091  0.01267453865909  0.27784297097727  0.27784297097727  -0.04985918247727  0.24555282061364  0.24555282061364  -0.09087167861364  0.23619574165000  0.23619574165455  -0.10997636988182  0.30423668079545  0.30423668079545  -0.04437286243182  0.25249893600000  0.25249893600227  0.04868258095682  0.61665625847727  0.61665625847727  -0.01887901925000  0.64774654250000  0.64774654272727  -0.04534475840909  0.69206610009091  0.69206609986591  0.04511349972727  0.58022191425000  0.58022191447727  0.19457568002273  0.57717613563636  0.57717613543182  0.25746844565909  1.11868041668182  1.11868041645455
1.15816531318182  0.00000000000000  0.39439584490909  0.76314774495455  0.76314774495455  0.19323242393182  0.78229273497818  0.78229273497886  0.14523505220250  0.55458156127273  0.55458156127273  0.14320434886364  0.49192262779545  0.49192262779545  -0.02639415702273  0.54374999965909  0.54374999965909  0.03090094043182  0.28336760320455  0.28336760320455  0.11423101120455  0.29841399334545  0.29841399334545  0.01662311360909  0.29094303485227  0.29094303485227  0.00112507353409  0.26431766112559  0.26431766112759  -0.05235513672820  0.25530605460227  0.25530605460455  0.06170230144773  0.28534064236364  0.28534064215909  -0.06485448429545  0.40212389138636  0.40212389138636  0.05749547152273  0.24394769861818  0.24394769861818  0.05428457274318  0.45507246732500  0.45507246732273  0.06580037017727  0.23907534279545  0.23907534279545  0.06376885652273
1.15816531318182  0.39439584490909  0.00000000000000  0.56464725111364  0.56464725111364  0.07544383815909  0.59407426211364  0.59407426211364  0.05647679925000  0.44097576647727  0.44097576650000  0.08576652377273  0.32006114268636  0.32006114270909  -0.11314794180227  0.52734502748864  0.52734502771591  0.16629053001364  0.42259442704545  0.42259442702273  0.16840074365909  0.31781382861136  0.31781382863409  0.03848716047955  0.25016735604545  0.25016735584091  -0.11413039295455  0.22368817200000  0.22368817204545  0.02027442727273  0.29847587008236  0.29847587033620  -0.02339662956141  0.18284403081818  0.18284403104545  0.01650668681818  0.20697982363636  0.20697982370455  0.00335948102273  0.25254348509091  0.25254348531818  0.01102962195455  0.53929400879545  0.53929400879545  -0.03893837031818  0.31977066415000  0.31977066417045  0.09653763910455
0.53032724772727  0.76314774495455  0.56464725111364  0.00000000000000  0.36226998448409  0.36226998448409  0.14043934016591  0.63089712136136  0.63089712159545  0.14868090772500  0.53956856875000  0.53956856875000  0.06384961043182  0.59364892990909  0.59364892993182  0.17840479386364  0.33934094808182  0.33934094855909  0.14869953960455  0.30454180936364  0.30454180938636  0.06468450104545  0.32652082388636  0.32652082388636  -0.08813430532727  0.25593198206818  0.25593198206818  -0.02777377602273  0.35493917467273  0.35493917467045  -0.07054030344318  0.30805086331818  0.30805086331818  0.09958511100000  0.44596786946364  0.44596786946364  0.10083479305455  0.43513882375909  0.43513882378182  0.22841754996818  0.48605670013636  0.48605670015909  0.01237964052273  0.40850667312045  0.40850667337045  0.24450366151591  0.57561783804545  0.57561783829545
1.04203005295455  0.76314774495455  0.56464725111364  0.36226998448409  0.00000000000000  0.23386198265909  0.74560446993182  0.74560446993182  0.41254917038636  0.99782077904545  0.99782077881818  0.45498230586364  0.69807062575000  0.69807062597727  0.37112323425000  0.69626379362045  0.69626379341591  0.30857971705000  0.52335291757045  0.52335291782045  0.06675825865909  0.61290466486136  0.61290466486364  0.15358750295227  0.42124305027273  0.42124305027273  0.03177056131818  0.36951070977273  0.36951070977273  0.06216932381818  0.34831923665909  0.34831923665909  0.13386499938636  0.38648703381818  0.38648703404545  -0.02945814504545  0.32764608906818  0.32764608906818  -0.00400999250000  0.37963776722727  0.37963776722727  -0.03503315572727  0.46463721853182  0.46463721876136  0.05139110026136  0.34491531568182  0.34491531568182  0.04892513536364
1.04203005295455  0.19323242393182  0.07544383815909  0.36226998448409  0.23386198265909  0.00000000000000  0.52388030659091  0.52388030659091  -0.00373181522727  0.35638032115000  0.35638032115000  0.05966497230455  0.42766870597727  0.42766870597727  0.06869368313636  0.53354644935091  0.53354644934977  0.21929574778636  0.51238149256136  0.51238149260909  0.16005849167500  0.37787042296364  0.37787042298636  0.00288294039545  0.61140992356818  0.61140992356818  0.15934146859091  0.50619648818409  0.50619648816364  -0.01075445497500  0.38693192470682  0.38693192473182  -0.01610125058864  0.36248032299545  0.36248032297727  -0.14893332081818  0.29714732161364  0.29714732161364  0.08238992015909  0.35049552639091  0.35049552616136  -0.11396620020682  0.28028870284091  0.28028870281818  0.05785495029545  0.28123855896136  0.28123855896136  -0.02454890024545
-0.07049369386364  0.78229273497818  0.59407426211364  0.14043934016591  0.74560446993182  0.52388030659091  0.00000000000000  0.34880638102273  0.34880638102273  -0.06561204279545  0.54274839929545  0.54274839929545  0.04500735134091  0.39496748197727  0.39496748175000  -0.03805843484091  0.38704682556818  0.38704682556818  0.12893402234091  1.18706873263636  1.18706873263636  0.78297046309091  1.26229754467341  1.26229754466955  0.39320439421636  0.34364068872727  0.34364068850000  0.23655312152273  0.24184651252273  0.24184651252273  0.10621685263636  0.20892315930909  0.20892315930909  0.11499479971591  0.21823840090909  0.21823840090909  0.04351635868182  0.28283821088636  0.28283821088636  0.22337769072727  0.18593969315909  0.18593969318182  0.06629826690909  0.80528479250000  0.80528479250000  0.47088150159091  0.83458275000000  0.83458275022727
0.74648045200000  0.78229273497886  0.59407426211364  0.63089712136136  0.74560446993182  0.52388030659091  0.34880638102273  0.00000000000000  0.28267969636364  0.83672663868182  0.83672663845455  0.16746271740909  0.64519019012045  0.64519019011818  0.29626799784773  0.53427112370455  0.53427112372727  0.11723131281818  1.15095583720455  1.15095583720455  0.64061868461364  0.66886166013636  0.66886166013636  0.27962075790909  0.76097553265909  0.76097553265909  0.33239352711364  0.49903821820455  0.49903821797727  0.00402235788636  0.50281365663636  0.50281365663636  0.31528248636364  0.55288996345227  0.55288996322500  0.13727055581818  0.20940581038636  0.20940581061364  0.03991174597727  0.22215191031818  0.22215191031818  0.07616507668182  0.26236378563636  0.26236378563636  0.08760657140909  0.20030042536364  0.20030042557500  0.10424016164773
0.74648045200000  0.14523505220250  0.05647679925000  0.63089712159545  0.41254917038636  -0.00373181522727  0.34880638102273  0.28267969636364  0.00000000000000  0.19990008102727  0.19990008102955  -0.09868669760909  0.17362822359091  0.17362822359091  0.00341556165909  0.36117237620455  0.36117237615909  0.25791172993182  0.18558884481818  0.18558884481818  0.00047593113636  0.41954507815909  0.41954507815909  0.02047030047727  0.14156727679545  0.14156727702273  0.12670584338636  0.72917543781818  0.72917543781818  0.11627928913636  0.65429819484091  0.65429819488636  0.01567869086364  0.50748379834091  0.50748379836364  0.11511786290909  0.39405353918182  0.39405353965909  0.06094544004545  0.47364118753636  0.47364118773864  0.01345976794545  0.38131973179545  0.38131973411364  -0.00651025565909  0.22889150506591  0.22889150506591  0.01836542749318
-0.08336499072727  0.55458156127273  0.44097576647727  0.14868090772500  0.99782077904545  0.35638032115000  -0.06561204279545  0.83672663868182  0.19990008102727  0.00000000000000  0.15320975811932  0.15320975791545  0.11236832001614  0.16311325224545  0.16311325224545  0.08330946735909  0.16601428797045  0.16601428797045  0.14863255230227  0.11699268280227  0.11699268280227  0.01829213155227  0.12387988300000  0.12387988279545  -0.01110808018182  0.14188029395455  0.14188029400000  0.02079335981818  0.40769349831818  0.40769349834091  -0.01641993415909  0.19043651776818  0.19043651778636  0.02057855620455  0.30444182388636  0.30444182388636  0.02848101797727  1.30830651909091  1.30830651909091  0.27627623636364  0.48593556868182  0.48593556868182  0.30145736454318  0.26635731795455  0.26635731795455  0.11198221061364  0.26017716295909  0.26017716296364
0.80024556714091  0.55458156127273  0.44097576650000  0.53956856875000  0.99782077881818  0.35638032115000  0.54274839929545  0.83672663845455  0.19990008102955  0.15320975811932  0.00000000000000  0.13093819084773  0.27063308333182  0.27063308330909  0.23413859967273  0.36502038478636  0.36502038478864  0.27120868005909  0.21431033481364  0.21431033481364  0.08182901446136  0.87582077939091  0.87582077939318  0.49877351984545  0.86918796634091  0.86918796656818  0.46287590070455  0.83120786458864  0.83120786458864  -0.09104761223182  0.67664038515909  0.67664038493182  0.31614763961364  0.65679866254545  0.65679866254545  0.23698524018182  0.87683696056818  0.87683696056818  0.27391275875000  0.64589217614545  0.64589217614545  0.18817329682955  0.75206061006818  0.75206061006818  0.17679536506818  0.51511464372727  0.51511464368182  0.10382622304545
0.80024556714091  0.14320434886364  0.08576652377273  0.53956856875000  0.45498230586364  0.05966497230455  0.54274839929545  0.16746271740909  -0.09868669760909  0.15320975791545  0.13093819084773  0.00000000000000  0.76541517363636  0.76541517364091  0.60275734487045  0.63325902250000  0.63325902250000  0.14882179159091  0.24954969017727  0.24954969020227  0.12948002751818  0.29010157102273  0.29010157100000  0.16683370595455  0.26264291090909  0.26264291090909  0.15651070213636  0.17230133063636  0.17230133063636  0.08417432609091  0.17645258863636  0.17645258843182  0.04359807811364  0.12438106115909  0.12438106115909  0.06868583497727  0.45223811359091  0.45223811361364  0.10205005777273  0.20160358934091  0.20160358934091  0.05301913584091  0.45839974143182  0.45839974143182  -0.06308884343182  0.16079603775000  0.16079603775000  0.10683983715909
0.15705705363182  0.49192262779545  0.32006114268636  0.06384961043182  0.69807062575000  0.42766870597727  0.04500735134091  0.64519019012045  0.17362822359091  0.11236832001614  0.27063308333182  0.76541517363636  0.00000000000000  0.72396255661364  0.72396255638636  0.31339694243182  0.64011638105682  0.64011638107955  0.07935973350909  0.51536266529545  0.51536266552273  0.06214639370455  0.41306844144318  0.41306844167273  0.05010700272045  0.55970250571364  0.55970250550909  -0.00492399580455  0.39974089031818  0.39974089036364  -0.07239952225000  0.24233393728864  0.24233393730455  -0.09316471226136  0.15461537095455  0.15461537095455  0.10675137277273  0.20519180400000  0.20519180400227  0.10018026568409  0.17839007702273  0.17839007725000  0.11669662175000  0.13403675439068  0.13403675439205  0.02290640951500  0.15632195821364  0.15632195822045
0.32449797184091  0.49192262779545  0.32006114270909  0.59364892990909  0.69807062597727  0.42766870597727  0.39496748197727  0.64519019011818  0.17362822359091  0.16311325224545  0.27063308330909  0.76541517364091  0.72396255661364  0.00000000000000  -0.00806170498864  0.15892040884091  0.15892040886364  0.11062591379545  0.42165654831818  0.42165654834091  0.05255696713636  0.19395098800000  0.19395098799773  0.06738150345227  0.30263871411364  0.30263871411364  0.06765659354545  0.37088521581818  0.37088521581818  0.11178137872727  0.23609894813864  0.23609894813636  0.00027297559318  0.20606259638636  0.20606259638636  0.02680665002273  0.19472966788182  0.19472966786364  -0.08004358377273  0.27135651122727  0.27135651122727  0.03359244627273  0.16392726710682  0.16392726710682  0.07049879190000  0.78068763125000  0.78068763125000  0.12744744047727
0.32449797184091  -0.02639415702273  -0.11314794180227  0.59364892993182  0.37112323425000  0.06869368313636  0.39496748175000  0.29626799784773  0.00341556165909  0.16311325224545  0.23413859967273  0.60275734487045  0.72396255638636  -0.00806170498864  0.00000000000000  0.84073730242500  0.84073730265227  0.07856654366591  0.84924055334091  0.84924055334091  0.17373219929545  0.69930318209091  0.69930318209091  0.10365522700000  0.63484604077273  0.63484604054545  0.04415192668182  0.97295447772727  0.97295447772727  0.20265977909091  0.68031220077727  0.68031220054773  0.23106255937273  0.89332339288636  0.89332339265909  0.32739894679545  0.54294706511364  0.54294706511364  0.04788247515909  0.62728824434091  0.62728824436364  0.11302128100000  0.75448641820455  0.75448641820455  0.29779832586364  0.22441678814773  0.22441678816818  -0.01424635321591
0.01267453865909  0.54374999965909  0.52734502748864  0.17840479386364  0.69626379362045  0.53354644935091  -0.03805843484091  0.53427112370455  0.36117237620455  0.08330946735909  0.36502038478636  0.63325902250000  0.31339694243182  0.15892040884091  0.84073730242500  0.00000000000000  0.28516986881818  0.28516986881818  0.01513545236364  0.26423654502273  0.26423654502273  0.03161189111364  0.17516156400000  0.17516156425000  0.02156724438636  0.15929199752273  0.15929199752273  0.04521449815909  0.14961067339591  0.14961067335000  0.04150007264568  0.39995663818182  0.39995663820455  0.13375629861364  0.17866784736591  0.17866784734318  0.14047899490682  0.49880240790909  0.49880240790909  0.14113920618182  0.14331344560455  0.14331344563045  0.00670122759909  0.76683402340909  0.76683402318182  0.30335825045455  0.73169080795682  0.73169080793182
0.27784297097727  0.54374999965909  0.52734502771591  0.33934094808182  0.69626379341591  0.53354644934977  0.38704682556818  0.53427112372727  0.36117237615909  0.16601428797045  0.36502038478864  0.63325902250000  0.64011638105682  0.15892040886364  0.84073730265227  0.28516986881818  0.00000000000000  0.32004349838409  0.56915944029545  0.56915944029545  0.19814903938636  0.45608270038636  0.45608270061364  0.09116409547727  0.66495485609591  0.66495485609432  0.18710143182341  0.41083644954773  0.41083644954773  0.13123539511818  0.24833557080455  0.24833557080455  0.01843031914545  0.14160858613864  0.14160858613864  0.01707488627727  0.19227138674864  0.19227138677500  -0.00397245156727  0.16855315838182  0.16855315831364  0.08021442839091  0.12008675031136  0.12008675033636  0.07027775677500  0.15069938192727  0.15069938195000  0.00294260002727
0.27784297097727  0.03090094043182  0.16629053001364  0.33934094855909  0.30857971705000  0.21929574778636  0.38704682556818  0.11723131281818  0.25791172993182  0.16601428797045  0.27120868005909  0.14882179159091  0.64011638107955  0.11062591379545  0.07856654366591  0.28516986881818  0.32004349838409  0.00000000000000  0.14447635559091  0.14447635561364  0.05063718477273  0.48209859591364  0.48209859591364  0.06907911319091  0.19807431985455  0.19807432007955  0.01299872194545  0.32062059395909  0.32062059418614  0.21046491234568  1.08512593295455  1.08512593295455  0.72878902386364  1.19833970225000  1.19833970225000  0.54433720593182  0.69496968084091  0.69496968084091  0.23271823084091  0.75096836302045  0.75096836299773  0.29365649595682  0.68492469331818  0.68492469354545  0.38829671672727  0.40093512201886  0.40093512201977  0.18726213189000
-0.04985918247727  0.28336760320455  0.42259442704545  0.14869953960455  0.52335291757045  0.51238149256136  0.12893402234091  1.15095583720455  0.18558884481818  0.14863255230227  0.21431033481364  0.24954969017727  0.07935973350909  0.42165654831818  0.84924055334091  0.01513545236364  0.56915944029545  0.14447635559091  0.00000000000000  0.27034122502727  0.27034122502500  0.06927085943636  0.29533479611818  0.29533479611818  0.06246134339318  0.31361420105227  0.31361420100682  0.16334719066591  0.44119617247727  0.44119617225000  0.04665879938636  0.34558856620455  0.34558856620455  0.16902628288636  0.38577967656591  0.38577967633409  0.13748433459545  0.33919718836364  0.33919718836364  0.12620752159091  0.39432259690909  0.39432259690682  0.07652193049773  0.90527974818182  0.90527974818182  0.49137246250000  0.58882792029091  0.58882792028864
0.24555282061364  0.28336760320455  0.42259442702273  0.30454180936364  0.52335291782045  0.51238149260909  1.18706873263636  1.15095583720455  0.18558884481818  0.11699268280227  0.21431033481364  0.24954969020227  0.51536266529545  0.42165654834091  0.84924055334091  0.26423654502273  0.56915944029545  0.14447635561364  0.27034122502727  0.00000000000000  0.06753497024318  0.72530451922727  0.72530451922727  0.31508653695455  0.64942324865909  0.64942324843182  0.28820804611364  0.66386385477273  0.66386385477500  0.35719633972955  0.60818790714091  0.60818790736818  0.23165235014091  0.56388559095455  0.56388559093182  0.19897369186364  0.52256681931818  0.52256681931818  0.06978831309091  0.63882647581818  0.63882647579545  0.30472131625000  0.61128487493182  0.61128487493182  0.25148003161364  0.45250140175000  0.45250140200000  0.02549798434091
0.24555282061364  0.11423101120455  0.16840074365909  0.30454180938636  0.06675825865909  0.16005849167500  1.18706873263636  0.64061868461364  0.00047593113636  0.11699268280227  0.08182901446136  0.12948002751818  0.51536266552273  0.05255696713636  0.17373219929545  0.26423654502273  0.19814903938636  0.05063718477273  0.27034122502500  0.06753497024318  0.00000000000000  0.51249107175000  0.51249107175000  0.28438356347727  0.29604989704545  0.29604989750000  0.08573912322727  0.27285943165909  0.27285943165909  -0.06024308043182  0.38254602390909  0.38254602390909  -0.01826848809091  0.35935642777273  0.35935642777273  -0.14776700981818  0.36532669404545  0.36532669406818  -0.04288140731818  0.35043843463636  0.35043843440909  0.00702077372727  0.38794455529545  0.38794455529545  0.00399249529545  0.53414714140909  0.53414714140909  0.12554890404545
-0.09087167861364  0.29841399334545  0.31781382861136  0.06468450104545  0.61290466486136  0.37787042296364  0.78297046309091  0.66886166013636  0.41954507815909  0.01829213155227  0.87582077939091  0.29010157102273  0.06214639370455  0.19395098800000  0.69930318209091  0.03161189111364  0.45608270038636  0.48209859591364  0.06927085943636  0.72530451922727  0.51249107175000  0.00000000000000  0.48340927772500  0.48340927774773  0.18468363395000  0.42715410143182  0.42715410145455  0.17991621902273  0.47619266090909  0.47619266093182  0.09934804665909  0.40080245945455  0.40080245968182  0.15985619945455  0.40445417996591  0.40445417996364  0.02589221860455  0.37488085541827  0.37488085539673  0.12187709205957  0.42159268813636  0.42159268813636  0.06449708868182  0.31472310543182  0.31472310520455  -0.04413151784091  1.21184436772727  1.21184437000000
0.23619574165000  0.29841399334545  0.31781382863409  0.32652082388636  0.61290466486364  0.37787042298636  1.26229754467341  0.66886166013636  0.41954507815909  0.12387988300000  0.87582077939318  0.29010157100000  0.41306844144318  0.19395098799773  0.69930318209091  0.17516156400000  0.45608270061364  0.48209859591364  0.29533479611818  0.72530451922727  0.51249107175000  0.48340927772500  0.00000000000000  0.54771943909091  1.02079300045455  1.02079300045455  0.69607689818182  0.82220945431818  0.82220945431818  0.50939649068182  0.81311039534091  0.81311039556818  0.30516427693182  0.32803512482727  0.32803512484773  0.19990732941136  0.15531560988636  0.15531560986364  -0.03252827011364  0.20262947924318  0.20262947924545  0.06665545354773  0.21161470704545  0.21161470704545  0.00268586104545  0.27590016696364  0.27590016696364  -0.03999426240000
0.23619574165455  0.01662311360909  0.03848716047955  0.32652082388636  0.15358750295227  0.00288294039545  1.26229754466955  0.27962075790909  0.02047030047727  0.12387988279545  0.49877351984545  0.16683370595455  0.41306844167273  0.06738150345227  0.10365522700000  0.17516156425000  0.09116409547727  0.06907911319091  0.29533479611818  0.31508653695455  0.28438356347727  0.48340927774773  0.54771943909091  0.00000000000000  0.26769437957727  0.26769437980455  0.00742776224091  0.32449368532273  0.32449368529773  0.04131681566364  0.28771091576364  0.28771091576364  0.06317535473636  0.31210049061136  0.31210049083864  -0.04812196443409  0.57264022160682  0.57264022140000  0.31844220503182  0.46870867534318  0.46870867534318  -0.01593192329773  0.72423836913636  0.72423836913636  0.29477123904545  0.63213995508068  0.63213995508114  0.29484258569727
-0.10997636988182  0.29094303485227  0.25016735604545  -0.08813430532727  0.42124305027273  0.61140992356818  0.39320439421636  0.76097553265909  0.14156727679545  -0.01110808018182  0.86918796634091  0.26264291090909  0.05010700272045  0.30263871411364  0.63484604077273  0.02156724438636  0.66495485609591  0.19807431985455  0.06246134339318  0.64942324865909  0.29604989704545  0.18468363395000  1.02079300045455  0.26769437957727  0.00000000000000  1.04398303477273  1.04398303477273  0.58453047704545  0.75990486681818  0.75990486704545  0.34098466136364  0.69621900386364  0.69621900386364  0.10395623704545  0.58991635361364  0.58991635361364  0.05429615588636  0.61492218388636  0.61492218388636  0.29656437206818  0.64229343809091  0.64229343809091  -0.02936490327273  0.41258216004205  0.41258216004295  -0.03564120433114  0.53989530769545  0.53989530769545
0.30423668079545  0.29094303485227  0.25016735584091  0.25593198206818  0.42124305027273  0.61140992356818  0.34364068872727  0.76097553265909  0.14156727702273  0.14188029395455  0.86918796656818  0.26264291090909  0.55970250571364  0.30263871411364  0.63484604054545  0.15929199752273  0.66495485609432  0.19807432007955  0.31361420105227  0.64942324843182  0.29604989750000  0.42715410143182  1.02079300045455  0.26769437980455  1.04398303477273  0.00000000000000  0.15207722785000  0.20035075573864  0.20035075574091  0.02526521876136  0.16670938258182  0.16670938255909  -0.01717362020909  0.31216890503182  0.31216890482727  0.00925718138864  0.28555374609318  0.28555374632045  0.00769953995682  0.27781103460227  0.27781103460682  -0.07947254429545  0.29660304357727  0.29660304357955  0.06153864546364  0.33368400764091  0.33368400762045  0.04155670524545
0.30423668079545  0.00112507353409  -0.11413039295455  0.25593198206818  0.03177056131818  0.15934146859091  0.34364068850000  0.33239352711364  0.12670584338636  0.14188029400000  0.46287590070455  0.15651070213636  0.55970250550909  0.06765659354545  0.04415192668182  0.15929199752273  0.18710143182341  0.01299872194545  0.31361420100682  0.28820804611364  0.08573912322727  0.42715410145455  0.69607689818182  0.00742776224091  1.04398303477273  0.15207722785000  0.00000000000000  0.61609205202273  0.61609205202273  0.22852565631818  0.48457702094318  0.48457702093636  0.11676335025000  0.45794640156818  0.45794640156818  0.10450128947727  0.55455290354545  0.55455290354545  0.00543783650000  0.42860071225000  0.42860071225000  0.14598545538636  0.38786768755909  0.38786768755909  0.01203228621364  0.35311751211364  0.35311751211364  0.02533795602273
-0.04437286243182  0.26431766112559  0.22368817200000  -0.02777377602273  0.36951070977273  0.50619648818409  0.23655312152273  0.49903821820455  0.72917543781818  0.02079335981818  0.83120786458864  0.17230133063636  -0.00492399580455  0.37088521581818  0.97295447772727  0.04521449815909  0.41083644954773  0.32062059395909  0.16334719066591  0.66386385477273  0.27285943165909  0.17991621902273  0.82220945431818  0.32449368532273  0.58453047704545  0.20035075573864  0.61609205202273  0.00000000000000  0.42965417581136  0.42965417580909  0.00755562777273  0.27914682040682  0.27914682038409  -0.05033855534318  0.82873263786364  0.82873263786364  0.26776368495455  0.81370221991591  0.81370221991591  0.27471549946136  0.92210878151136  0.92210878151364  0.31150607332955  0.28251284636364  0.28251284638636  0.15820805063636  0.15465857286364  0.15465857286364
0.25249893600000  0.26431766112759  0.22368817204545  0.35493917467273  0.36951070977273  0.50619648816364  0.24184651252273  0.49903821797727  0.72917543781818  0.40769349831818  0.83120786458864  0.17230133063636  0.39974089031818  0.37088521581818  0.97295447772727  0.14961067339591  0.41083644954773  0.32062059418614  0.44119617247727  0.66386385477500  0.27285943165909  0.47619266090909  0.82220945431818  0.32449368529773  0.75990486681818  0.20035075574091  0.61609205202273  0.42965417581136  0.00000000000000  -0.03350031236364  0.18713665175250  0.18713665175273  -0.01233331661500  0.23608203879545  0.23608203902273  -0.11900329243182  0.34619072513636  0.34619072468182  -0.04784855686364  0.26939553048636  0.26939553044091  -0.00502658194545  0.39646545407727  0.39646545407727  0.11765980003182  0.27548472447727  0.27548472450227  0.12598413381818
0.25249893600227  -0.05235513672820  0.02027442727273  0.35493917467045  0.06216932381818  -0.01075445497500  0.24184651252273  0.00402235788636  0.11627928913636  0.40769349834091  -0.09104761223182  0.08417432609091  0.39974089036364  0.11178137872727  0.20265977909091  0.14961067335000  0.13123539511818  0.21046491234568  0.44119617225000  0.35719633972955  -0.06024308043182  0.47619266093182  0.50939649068182  0.04131681566364  0.75990486704545  0.02526521876136  0.22852565631818  0.42965417580909  -0.03350031236364  0.00000000000000  0.35927151909091  0.35927151909091  0.01850832968182  0.70192301572727  0.70192301572727  0.23233493981818  0.51735565802273  0.51735565802273  -0.03256698647727  1.07125864522727  1.07125864522727  0.20810858568182  0.73580560524091  0.73580560524091  0.13540919137727  0.88553370477273  0.88553370477273  0.25405434886364
0.04868258095682  0.25530605460227  0.29847587008236  -0.07054030344318  0.34831923665909  0.38693192470682  0.10621685263636  0.50281365663636  0.65429819484091  -0.01641993415909  0.67664038515909  0.17645258863636  -0.07239952225000  0.23609894813864  0.68031220077727  0.04150007264568  0.24833557080455  1.08512593295455  0.04665879938636  0.60818790714091  0.38254602390909  0.09934804665909  0.81311039534091  0.28771091576364  0.34098466136364  0.16670938258182  0.48457702094318  0.00755562777273  0.18713665175250  0.35927151909091  0.00000000000000  0.95077450990909  0.95077451013636  0.45123142695455  0.77972412179545  0.77972412177273  0.30690020359091  0.67882496642500  0.67882496642500  0.06374136778864  0.65394789150000  0.65394789150000  0.22949864922727  0.80190069484091  0.80190069481818  0.30665637518182  0.48125347070455  0.48125347077273
0.61665625847727  0.25530605460455  0.29847587033620  0.30805086331818  0.34831923665909  0.38693192473182  0.20892315930909  0.50281365663636  0.65429819488636  0.19043651776818  0.67664038493182  0.17645258843182  0.24233393728864  0.23609894813636  0.68031220054773  0.39995663818182  0.24833557080455  1.08512593295455  0.34558856620455  0.60818790736818  0.38254602390909  0.40080245945455  0.81311039556818  0.28771091576364  0.69621900386364  0.16670938255909  0.48457702093636  0.27914682040682  0.18713665175273  0.35927151909091  0.95077450990909  0.00000000000000  0.01104919406818  0.66258196925000  0.66258196925000  0.25151777161364  0.20804154461364  0.20804154438636  -0.03921519479545  0.18856329834091  0.18856329815909  0.00983700679545  0.38782993656818  0.38782993656818  -0.06964537847727  0.35515918970455  0.35515918970455  -0.02325312606818
0.61665625847727  0.06170230144773  -0.02339662956141  0.30805086331818  0.13386499938636  -0.01610125058864  0.20892315930909  0.31528248636364  0.01567869086364  0.19043651778636  0.31614763961364  0.04359807811364  0.24233393730455  0.00027297559318  0.23106255937273  0.39995663820455  0.01843031914545  0.72878902386364  0.34558856620455  0.23165235014091  -0.01826848809091  0.40080245968182  0.30516427693182  0.06317535473636  0.69621900386364  -0.01717362020909  0.11676335025000  0.27914682038409  -0.01233331661500  0.01850832968182  0.95077451013636  0.01104919406818  0.00000000000000  0.34397751159091  0.34397751156818  -0.00074568086364  0.34990705485682  0.34990705485909  0.15619320128864  0.48535967250000  0.48535967250000  -0.03483121886364  0.81288465947045  0.81288465947045  0.20029233037955  0.59618384518409  0.59618384520682  0.05781131941136
-0.01887901925000  0.28534064236364  0.18284403081818  0.09958511100000  0.38648703381818  0.36248032299545  0.11499479971591  0.55288996345227  0.50748379834091  0.02057855620455  0.65679866254545  0.12438106115909  -0.09316471226136  0.20606259638636  0.89332339288636  0.13375629861364  0.14160858613864  1.19833970225000  0.16902628288636  0.56388559095455  0.35935642777273  0.15985619945455  0.32803512482727  0.31210049061136  0.10395623704545  0.31216890503182  0.45794640156818  -0.05033855534318  0.23608203879545  0.70192301572727  0.45123142695455  0.66258196925000  0.34397751159091  0.00000000000000  0.50690972482500  0.50690972482273  0.17015390296136  0.63461850327273  0.63461850327273  0.11852380963636  0.47915463588636  0.47915463570455  0.07601988440909  0.44741545075000  0.44741545077273  0.15204417420455  0.31572499204545  0.31572499200000
0.64774654250000  0.28534064215909  0.18284403104545  0.44596786946364  0.38648703404545  0.36248032297727  0.21823840090909  0.55288996322500  0.50748379836364  0.30444182388636  0.65679866254545  0.12438106115909  0.15461537095455  0.20606259638636  0.89332339265909  0.17866784736591  0.14160858613864  1.19833970225000  0.38577967656591  0.56388559093182  0.35935642777273  0.40445417996591  0.32803512484773  0.31210049083864  0.58991635361364  0.31216890482727  0.45794640156818  0.82873263786364  0.23608203902273  0.70192301572727  0.77972412179545  0.66258196925000  0.34397751156818  0.50690972482500  0.00000000000000  -0.02677644184091  0.46338438361364  0.46338438361364  0.23489269854545  0.32006845200000  0.32006845200000  0.08883487631818  1.14216337454545  1.14216337431818  0.58198558409091  1.27753407500000  1.27753407500000  0.46231538590909
0.64774654272727  -0.06485448429545  0.01650668681818  0.44596786946364  -0.02945814504545  -0.14893332081818  0.21823840090909  0.13727055581818  0.11511786290909  0.30444182388636  0.23698524018182  0.06868583497727  0.15461537095455  0.02680665002273  0.32739894679545  0.17866784734318  0.01707488627727  0.54433720593182  0.38577967633409  0.19897369186364  -0.14776700981818  0.40445417996364  0.19990732941136  -0.04812196443409  0.58991635361364  0.00925718138864  0.10450128947727  0.82873263786364  -0.11900329243182  0.23233493981818  0.77972412177273  0.25151777161364  -0.00074568086364  0.50690972482273  -0.02677644184091  0.00000000000000  0.36257633236364  0.36257633238636  0.17200585159091  0.18693046225000  0.18693046225000  0.09663641420455  0.21594154029773  0.21594154029773  0.04029233370682  0.27517069520227  0.27517069522500  0.05534331027045
-0.04534475840909  0.40212389138636  0.20697982363636  0.10083479305455  0.32764608906818  0.29714732161364  0.04351635868182  0.20940581038636  0.39405353918182  0.02848101797727  0.87683696056818  0.45223811359091  0.10675137277273  0.19472966788182  0.54294706511364  0.14047899490682  0.19227138674864  0.69496968084091  0.13748433459545  0.52256681931818  0.36532669404545  0.02589221860455  0.15531560988636  0.57264022160682  0.05429615588636  0.28555374609318  0.55455290354545  0.26776368495455  0.34619072513636  0.51735565802273  0.30690020359091  0.20804154461364  0.34990705485682  0.17015390296136  0.46338438361364  0.36257633236364  0.00000000000000  0.31534981267091  0.31534981289932  0.02498986540000  0.29269408400000  0.29269408400000  -0.07448990163636  0.35306154579545  0.35306154577273  0.04606416981818  0.27046338356818  0.27046338356818
0.69206610009091  0.40212389138636  0.20697982370455  0.43513882375909  0.32764608906818  0.29714732161364  0.28283821088636  0.20940581061364  0.39405353965909  1.30830651909091  0.87683696056818  0.45223811361364  0.20519180400000  0.19472966786364  0.54294706511364  0.49880240790909  0.19227138677500  0.69496968084091  0.33919718836364  0.52256681931818  0.36532669406818  0.37488085541827  0.15531560986364  0.57264022140000  0.61492218388636  0.28555374632045  0.55455290354545  0.81370221991591  0.34619072468182  0.51735565802273  0.67882496642500  0.20804154438636  0.34990705485909  0.63461850327273  0.46338438361364  0.36257633238636  0.31534981267091  0.00000000000000  0.06484679875000  0.38309169595455  0.38309169595455  -0.13638941559091  0.52120121872500  0.52120121872500  0.27903419109091  0.39553438993182  0.39553438970455  0.01201427611364
0.69206609986591  0.05749547152273  0.00335948102273  0.43513882378182  -0.00400999250000  0.08238992015909  0.28283821088636  0.03991174597727  0.06094544004545  1.30830651909091  0.27391275875000  0.10205005777273  0.20519180400227  -0.08004358377273  0.04788247515909  0.49880240790909  -0.00397245156727  0.23271823084091  0.33919718836364  0.06978831309091  -0.04288140731818  0.37488085539673  -0.03252827011364  0.31844220503182  0.61492218388636  0.00769953995682  0.00543783650000  0.81370221991591  -0.04784855686364  -0.03256698647727  0.67882496642500  -0.03921519479545  0.15619320128864  0.63461850327273  0.23489269854545  0.17200585159091  0.31534981289932  0.06484679875000  0.00000000000000  0.70841299943182  0.70841299943182  0.27580725434091  0.59702462975000  0.59702462975000  0.23412036838636  1.03155785036364  1.03155785036364  0.55104836490909
0.04511349972727  0.24394769861818  0.25254348509091  0.22841754996818  0.37963776722727  0.35049552639091  0.22337769072727  0.22215191031818  0.47364118753636  0.27627623636364  0.64589217614545  0.20160358934091  0.10018026568409  0.27135651122727  0.62728824434091  0.14113920618182  0.16855315838182  0.75096836302045  0.12620752159091  0.63882647581818  0.35043843463636  0.12187709205957  0.20262947924318  0.46870867534318  0.29656437206818  0.27781103460227  0.42860071225000  0.27471549946136  0.26939553048636  1.07125864522727  0.06374136778864  0.18856329834091  0.48535967250000  0.11852380963636  0.32006845200000  0.18693046225000  0.02498986540000  0.38309169595455  0.70841299943182  0.00000000000000  0.72424221775000  0.72424221775000  0.28787055320455  0.86051213159091  0.86051213159091  0.26832061477273  0.62416139488636  0.62416139488636
0.58022191425000  0.24394769861818  0.25254348531818  0.48605670013636  0.37963776722727  0.35049552616136  0.18593969315909  0.22215191031818  0.47364118773864  0.48593556868182  0.64589217614545  0.20160358934091  0.17839007702273  0.27135651122727  0.62728824436364  0.14331344560455  0.16855315831364  0.75096836299773  0.39432259690909  0.63882647579545  0.35043843440909  0.42159268813636  0.20262947924545  0.46870867534318  0.64229343809091  0.27781103460682  0.42860071225000  0.92210878151136  0.26939553044091  1.07125864522727  0.65394789150000  0.18856329815909  0.48535967250000  0.47915463588636  0.32006845200000  0.18693046225000  0.29269408400000  0.38309169595455  0.70841299943182  0.72424221775000  0.00000000000000  0.31087171738636  0.68692506741136  0.68692506741136  0.06398880968409  0.72314911451364  0.72314911451364  -0.03901266824545
0.58022191447727  0.05428457274318  0.01102962195455  0.48605670015909  -0.03503315572727  -0.11396620020682  0.18593969318182  0.07616507668182  0.01345976794545  0.48593556868182  0.18817329682955  0.05301913584091  0.17839007725000  0.03359244627273  0.11302128100000  0.14331344563045  0.08021442839091  0.29365649595682  0.39432259690682  0.30472131625000  0.00702077372727  0.42159268813636  0.06665545354773  -0.01593192329773  0.64229343809091  -0.07947254429545  0.14598545538636  0.92210878151364  -0.00502658194545  0.20810858568182  0.65394789150000  0.00983700679545  -0.03483121886364  0.47915463570455  0.08883487631818  0.09663641420455  0.29269408400000  -0.13638941559091  0.27580725434091  0.72424221775000  0.31087171738636  0.00000000000000  0.45044255270455  0.45044255270455  -0.06342329584091  0.62131074393182  0.62131074438636  0.01662322802273
0.19457568002273  0.45507246732500  0.53929400879545  0.01237964052273  0.46463721853182  0.28028870284091  0.06629826690909  0.26236378563636  0.38131973179545  0.30145736454318  0.75206061006818  0.45839974143182  0.11669662175000  0.16392726710682  0.75448641820455  0.00670122759909  0.12008675031136  0.68492469331818  0.07652193049773  0.61128487493182  0.38794455529545  0.06449708868182  0.21161470704545  0.72423836913636  -0.02936490327273  0.29660304357727  0.38786768755909  0.31150607332955  0.39646545407727  0.73580560524091  0.22949864922727  0.38782993656818  0.81288465947045  0.07601988440909  1.14216337454545  0.21594154029773  -0.07448990163636  0.52120121872500  0.59702462975000  0.28787055320455  0.68692506741136  0.45044255270455  0.00000000000000  0.19871373036818  0.19871373014318  0.07180014589091  0.15329727715455  0.15329727715455
0.57717613563636  0.45507246732273  0.53929400879545  0.40850667312045  0.46463721876136  0.28028870281818  0.80528479250000  0.26236378563636  0.38131973411364  0.26635731795455  0.75206061006818  0.45839974143182  0.13403675439068  0.16392726710682  0.75448641820455  0.76683402340909  0.12008675033636  0.68492469354545  0.90527974818182  0.61128487493182  0.38794455529545  0.31472310543182  0.21161470704545  0.72423836913636  0.41258216004205  0.29660304357955  0.38786768755909  0.28251284636364  0.39646545407727  0.73580560524091  0.80190069484091  0.38782993656818  0.81288465947045  0.44741545075000  1.14216337431818  0.21594154029773  0.35306154579545  0.52120121872500  0.59702462975000  0.86051213159091  0.68692506741136  0.45044255270455  0.19871373036818  0.00000000000000  0.05616644530227  0.29531534922727  0.29531534922727  0.03685463718182
0.57717613543182  0.06580037017727  -0.03893837031818  0.40850667337045  0.05139110026136  0.05785495029545  0.80528479250000  0.08760657140909  -0.00651025565909  0.26635731795455  0.17679536506818  -0.06308884343182  0.13403675439205  0.07049879190000  0.29779832586364  0.76683402318182  0.07027775677500  0.38829671672727  0.90527974818182  0.25148003161364  0.00399249529545  0.31472310520455  0.00268586104545  0.29477123904545  0.41258216004295  0.06153864546364  0.01203228621364  0.28251284638636  0.11765980003182  0.13540919137727  0.80190069481818  -0.06964537847727  0.20029233037955  0.44741545077273  0.58198558409091  0.04029233370682  0.35306154577273  0.27903419109091  0.23412036838636  0.86051213159091  0.06398880968409  -0.06342329584091  0.19871373014318  0.05616644530227  0.00000000000000  0.25537005600000  0.25537005597727  -0.08560421172727
0.25746844565909  0.23907534279545  0.31977066415000  0.24450366151591  0.34491531568182  0.28123855896136  0.47088150159091  0.20030042536364  0.22889150506591  0.11198221061364  0.51511464372727  0.16079603775000  0.02290640951500  0.78068763125000  0.22441678814773  0.30335825045455  0.15069938192727  0.40093512201886  0.49137246250000  0.45250140175000  0.53414714140909  -0.04413151784091  0.27590016696364  0.63213995508068  -0.03564120433114  0.33368400764091  0.35311751211364  0.15820805063636  0.27548472447727  0.88553370477273  0.30665637518182  0.35515918970455  0.59618384518409  0.15204417420455  1.27753407500000  0.27517069520227  0.04606416981818  0.39553438993182  1.03155785036364  0.26832061477273  0.72314911451364  0.62131074393182  0.07180014589091  0.29531534922727  0.25537005600000  0.00000000000000  0.28661569831818  0.28661569831818
