0.00000000000000  0.98000469656818  0.98000469656818  0.55892510611364  1.18919230818182  1.18919230818182  0.16491798318182  0.89204233881818  0.89204233881818  0.04570043890909  1.03651113277273  1.03651113277273  0.30428176595455  0.34227559779545  0.34227559781818  -0.05929891193182  0.22874355001591  0.22874354979318  -0.00691607151364  0.25488766259545  0.25488766259091  -0.03786384202045  0.26750469270455  0.26750469293182  -0.00999109095455  0.32922001222727  0.32922001222727  0.02525528027273  0.26545937372273  0.26545937372273  -0.01454688627727  0.80971864713636  0.80971864713636  0.22507107672727  0.89174939675000  0.89174939672727  0.24052992615909  0.86152800956818  0.86152800934091  0.21185357406818  0.78191363013636  0.78191363036364  0.33373479190909  0.66970663213636  0.66970663190909  0.33187119281818  1.20642026363636  1.20642026386364
0.98000469656818  0.00000000000000  0.50217721568182  0.74499533522727  0.74499533522727  0.11310841850000  0.78639684740909  0.78639684718182  0.14407438190909  0.50328638534909  0.50328638532841  0.05385565753568  0.47877143343182  0.47877143343182  0.03556485602250  0.54737662363636  0.54737662363636  0.14445995095455  0.20655161819318  0.20655161819318  -0.01378839369318  0.19592651563636  0.19592651563636  -0.05101424115909  0.24977175113636  0.24977175136364  -0.05131534245455  0.19715892234545  0.19715892234545  -0.02282260136818  0.19979467681364  0.19979467683409  -0.09869408747045  0.17458819085227  0.17458819087273  -0.06546941805455  0.41703472989773  0.41703472989545  0.07646771462727  0.23229063036364  0.23229063036364  -0.07837633559091  0.54195637660909  0.54195637660909  0.15476684839091  0.21750222555227  0.21750222555227  0.04934574685682
0.98000469656818  0.50217721568182  0.00000000000000  0.81946717636364  0.81946717636364  0.25113957431818  0.69793500654545  0.69793500654545  0.07899418722727  0.56034556454318  0.56034556456591  0.30951380772500  0.36018109963636  0.36018109940909  0.03367483422727  0.53358282604545  0.53358282604545  0.21801797134091  0.35481648854091  0.35481648901591  0.13507885989318  0.17148208050000  0.17148208050000  -0.03955500543182  0.18067831849773  0.18067831847500  -0.05670273156818  0.11640733177045  0.11640733179318  -0.04314438902045  0.15923099079318  0.15923099076818  0.02011787134318  0.16946867263864  0.16946867263636  0.00289561785227  0.13057695586818  0.13057695586818  0.05779641750000  0.16311811421364  0.16311811375909  0.03732609975909  0.49989377254545  0.49989377254545  -0.00770884427273  0.16532487971818  0.16532487972500  0.04450373613182
0.55892510611364  0.74499533522727  0.81946717636364  0.00000000000000  0.15961348506591  0.15961348529545  -0.03909693253182  0.58600199256818  0.58600199261364  0.18219572254545  0.59323746768182  0.59323746770455  0.13091993968182  0.66324019268705  0.66324019248227  0.23064113429091  0.33113857334091  0.33113857356818  0.07049987870455  0.24647214172727  0.24647214172727  0.04516268454545  0.32048863100000  0.32048863102273  -0.00078393168182  0.30003698448182  0.30003698450455  0.04457750226591  0.39613030954545  0.39613030929545  0.10421549006818  0.32900071782273  0.32900071782273  0.07854622027727  0.52631580336364  0.52631580338636  0.21322586854545  0.55080100581364  0.55080100582727  0.19627999845227  0.53262912825682  0.53262912827273  0.09687605003636  0.54609356250000  0.54609356250000  0.20583480340909  0.66557113477273  0.66557113454545
1.18919230818182  0.74499533522727  0.81946717636364  0.15961348506591  0.00000000000000  0.25711111840909  0.72704248590909  0.72704248590909  0.37016454863636  0.97585452268182  0.97585452268182  0.49871893186364  0.68105740670455  0.68105740668182  0.37862115420455  0.61301811628182  0.61301811625909  0.24874455828636  0.53043837097727  0.53043837118182  0.15470683956818  0.63630897002273  0.63630897002273  0.25493551775000  0.38070384077273  0.38070384077273  -0.01595072363636  0.33629670994545  0.33629670994773  -0.02083067663636  0.33233907011364  0.33233907011364  0.12168414488636  0.33653009178409  0.33653009178409  -0.02261230198864  0.29081926952273  0.29081926954545  -0.03498560915909  0.31250796681591  0.31250796658864  0.01451862482045  0.50847949772727  0.50847949772727  0.12188138509091  0.39715504881818  0.39715504881818  -0.10567815443182
1.18919230818182  0.11310841850000  0.25113957431818  0.15961348529545  0.25711111840909  0.00000000000000  0.60668588070455  0.60668588070455  0.02356322952273  0.38256396112500  0.38256396112727  -0.03552105926364  0.53631099638636  0.53631099661364  0.23854464834091  0.51783624479545  0.51783624481818  0.20829935429545  0.55353264403409  0.55353264402273  0.30022093019318  0.37929650222500  0.37929650227045  0.13165692175000  0.59421620731818  0.59421620731818  0.23662401263636  0.44791312918182  0.44791312940909  0.03495612579545  0.33720802090909  0.33720802068182  0.03839881572727  0.34275935731818  0.34275935731818  0.01824464213636  0.25906612432727  0.25906612430227  0.03696908057727  0.30727300149091  0.30727300149091  -0.02314063678182  0.26547629661364  0.26547629661364  0.13298976850000  0.22952075043864  0.22952075018636  0.06077594607500
0.16491798318182  0.78639684740909  0.69793500654545  -0.03909693253182  0.72704248590909  0.60668588070455  0.00000000000000  0.21963345481432  0.21963345479159  -0.00238989704750  0.44811169247727  0.44811169247727  0.02266417065909  0.25325839705227  0.25325839706136  -0.06310917197955  0.22770043636591  0.22770043636591  0.06383469043409  1.23072702181818  1.23072702181818  0.75626288454545  1.38474556909091  1.38474556886364  0.27177266272727  0.29462472912727  0.29462472912955  0.15201198247045  0.12981593096818  0.12981593096818  0.09312467092045  0.11445039470227  0.11445039470000  0.04533524107045  0.14776073088636  0.14776073088636  0.06596820000000  0.24333370475000  0.24333370477273  0.07145662693182  0.13607756724318  0.13607756724318  -0.01328320808409  0.96520173200000  0.96520173195455  0.51546475409091  1.07614553295455  1.07614553295455
0.89204233881818  0.78639684718182  0.69793500654545  0.58600199256818  0.72704248590909  0.60668588070455  0.21963345481432  0.00000000000000  0.46512484522727  0.98737466252273  0.98737466229545  0.15882085679545  0.73827580481818  0.73827580459091  0.54253522618182  0.56967389313636  0.56967389313636  0.10900145359091  1.21939355113636  1.21939355113636  0.73534220068182  0.59707505254545  0.59707505300000  0.27065929790909  0.78893315136364  0.78893315136364  0.31599230272727  0.36404221393636  0.36404221393182  0.12488148723864  0.40894125263636  0.40894125309091  0.26091494022727  0.46733566593636  0.46733566614091  0.14726053640227  0.07173804415909  0.07173804420455  0.10084013018182  0.05634276772727  0.05634276775000  0.05031173231818  0.14994493511591  0.14994493510909  0.10887774504773  0.07042348627727  0.07042348605000  0.05301435720000
0.89204233881818  0.14407438190909  0.07899418722727  0.58600199261364  0.37016454863636  0.02356322952273  0.21963345479159  0.46512484522727  0.00000000000000  0.10800272714523  0.10800272712000  0.01980183253205  0.07844100518182  0.07844100518182  0.02508936627273  0.29848643729545  0.29848643729545  0.13896766465909  0.09558464936136  0.09558464935000  0.02663540153409  0.41871533530909  0.41871533525909  0.07174418001364  0.11312776454545  0.11312776431818  0.10188707084091  0.92680935818182  0.92680935840909  0.08822892568182  0.77523388040909  0.77523388040909  -0.02644947950000  0.52399972586364  0.52399972586364  0.08322987577273  0.32686088029545  0.32686087961364  0.07007867536364  0.43616462759364  0.43616462761614  -0.04382907158795  0.18993315788182  0.18993315813182  -0.01284563063182  0.03261118418182  0.03261118420455  0.09336404143182
0.04570043890909  0.50328638534909  0.56034556454318  0.18219572254545  0.97585452268182  0.38256396112500  -0.00238989704750  0.98737466252273  0.10800272714523  0.00000000000000  0.07291707205909  0.07291707205909  0.09587136910455  0.03214568590227  0.03214568612955  0.02506315952727  0.03757404879091  0.03757404879091  0.03294063026591  0.05397222895000  0.05397222895000  0.02564241372273  0.00885706787273  0.00885706787727  0.13994139922955  0.05655232667432  0.05655232667500  0.04223875435636  0.41717845609545  0.41717845609773  -0.17268439051591  0.04798454993182  0.04798454970455  0.08201220461364  0.07913170432500  0.07913170429773  0.05513784234545  1.41810391340909  1.41810391340909  0.17008177795455  0.44633839100523  0.44633839100591  0.28437093627795  0.21251158868182  0.21251158868182  0.09043800063636  0.17822894579545  0.17822894579545
1.03651113277273  0.50328638532841  0.56034556456591  0.59323746768182  0.97585452268182  0.38256396112727  0.44811169247727  0.98737466229545  0.10800272712000  0.07291707205909  0.00000000000000  0.02052470947727  0.22692184378636  0.22692184376364  0.11892199610682  0.35464765309091  0.35464765286364  0.18943318138636  0.20337321234091  0.20337321234091  0.01994046104545  1.06569605156818  1.06569605156818  0.62683629247727  1.07890771318182  1.07890771318182  0.48807067818182  0.99603985159091  0.99603985159091  -0.10421346159091  0.77015596909091  0.77015596931818  0.39359357272727  0.62035199625000  0.62035199625000  0.17240630765909  0.89785044711364  0.89785044709091  0.17646965406818  0.57862537029545  0.57862537027273  0.11155091800000  0.78524216361364  0.78524216361364  0.13052054452273  0.37856087360455  0.37856087360455  0.25498673896364
1.03651113277273  0.05385565753568  0.30951380772500  0.59323746770455  0.49871893186364  -0.03552105926364  0.44811169247727  0.15882085679545  0.01980183253205  0.07291707205909  0.02052470947727  0.00000000000000  0.70687523036364  0.70687523036364  0.55054939868182  0.63375109934091  0.63375109934091  0.06360723961364  0.14529098902273  0.14529098902273  0.05481936579545  0.13875178811364  0.13875178811364  0.13878094420455  0.19182700010455  0.19182700010455  0.06863018771136  0.08414995479545  0.08414995484091  0.01426375972727  0.13675809548182  0.13675809550455  0.07758082020909  0.09435693706364  0.09435693704318  0.11170714330455  0.43095008045455  0.43095008045455  0.12068956081818  0.15814597650000  0.15814597650000  0.07130090727273  0.46069743604045  0.46069743604000  0.05635201668795  0.14874081372045  0.14874081371818  0.09767637615682
0.30428176595455  0.47877143343182  0.36018109963636  0.13091993968182  0.68105740670455  0.53631099638636  0.02266417065909  0.73827580481818  0.07844100518182  0.09587136910455  0.22692184378636  0.70687523036364  0.00000000000000  0.87897581077273  0.87897581077273  0.33836513831818  0.74549611845909  0.74549611845909  -0.03652839208409  0.50063591545000  0.50063591522273  0.08088176692727  0.30648781550000  0.30648781550227  0.06406783128864  0.48095156451818  0.48095156449409  -0.09805217206114  0.20266330563182  0.20266330567955  -0.08979582643864  0.10784921336818  0.10784921336818  0.14594081349545  0.09309447648409  0.09309447648182  0.03231403862727  0.05844480550227  0.05844480525455  0.01438231715455  0.04726222195455  0.04726222172727  0.06647635281818  0.12399055888636  0.12399055888636  -0.00132575406818  0.04929322313636  0.04929322313636
0.34227559779545  0.47877143343182  0.36018109940909  0.66324019268705  0.68105740668182  0.53631099661364  0.25325839705227  0.73827580459091  0.07844100518182  0.03214568590227  0.22692184376364  0.70687523036364  0.87897581077273  0.00000000000000  0.07473859438636  0.09736290787727  0.09736290787500  0.03367716426591  0.48007448593182  0.48007448593182  0.00142079547727  0.11891133529773  0.11891133554773  0.09606294025227  0.11984102531818  0.11984102552273  0.06085958818182  0.31794967293636  0.31794967291364  0.03853097186818  0.14826441902273  0.14826441925000  -0.01177611231818  0.15200890811364  0.15200890811364  -0.01192349134091  0.17228297395455  0.17228297395455  -0.06869513175000  0.27860177270455  0.27860177268182  0.11038378322727  0.17048146090909  0.17048146090909  0.04624543745455  0.88350857312273  0.88350857312500  0.07820279357727
0.34227559781818  0.03556485602250  0.03367483422727  0.66324019248227  0.37862115420455  0.23854464834091  0.25325839706136  0.54253522618182  0.02508936627273  0.03214568612955  0.11892199610682  0.55054939868182  0.87897581077273  0.07473859438636  0.00000000000000  1.02147530581818  1.02147530581818  0.05983031400000  1.04220033704545  1.04220033704545  0.36641894113636  0.76262401572727  0.76262401572727  0.01172493145455  0.63070725211364  0.63070725211364  0.14002003988636  1.06699346068182  1.06699346045455  0.25354956659091  0.70113093522500  0.70113093522500  0.30388364500000  0.95211640502273  0.95211640502273  0.33282042179545  0.46131152562955  0.46131152562955  0.07254844900909  0.50945904284091  0.50945904284091  0.02841691147727  0.70393526493182  0.70393526493182  0.34265827643182  0.13010939052500  0.13010939050227  -0.02150884713409
-0.05929891193182  0.54737662363636  0.53358282604545  0.23064113429091  0.61301811628182  0.51783624479545  -0.06310917197955  0.56967389313636  0.29848643729545  0.02506315952727  0.35464765309091  0.63375109934091  0.33836513831818  0.09736290787727  1.02147530581818  0.00000000000000  0.11893729725000  0.11893729702273  -0.03947868577273  0.16948950750000  0.16948950750000  0.00300225702273  0.09716929783409  0.09716929758409  -0.05276024026364  0.10715934085227  0.10715934085227  0.00903942835227  0.08825836006818  0.08825836029545  -0.03549871827273  0.37396947959318  0.37396947958864  0.17601358550000  0.13461166855000  0.13461166855000  -0.01286282277727  0.48625591670909  0.48625591668636  0.30006625893636  0.15134321991364  0.15134321991591  0.02230957189091  0.94523887090909  0.94523887090909  0.40976745500000  0.78485335727273  0.78485335500000
0.22874355001591  0.54737662363636  0.53358282604545  0.33113857334091  0.61301811625909  0.51783624481818  0.22770043636591  0.56967389313636  0.29848643729545  0.03757404879091  0.35464765286364  0.63375109934091  0.74549611845909  0.09736290787500  1.02147530581818  0.11893729725000  0.00000000000000  0.45371566931818  0.53997207733864  0.53997207733864  0.20687627686136  0.35834013647727  0.35834013647727  0.02245015686364  0.66505449129545  0.66505449127273  0.17576149356818  0.26727156923409  0.26727156946136  0.05349017426364  0.12859137855909  0.12859137854545  -0.01689683736364  0.10401236686591  0.10401236684545  -0.02468324967955  0.06122958706818  0.06122958704545  -0.01862468502273  0.04631295636455  0.04631295659273  -0.00479978992409  0.09795436083864  0.09795436088182  0.02532083815227  0.02291850411364  0.02291850411364  0.01899682590909
0.22874354979318  0.14445995095455  0.21801797134091  0.33113857356818  0.24874455828636  0.20829935429545  0.22770043636591  0.10900145359091  0.13896766465909  0.03757404879091  0.18943318138636  0.06360723961364  0.74549611845909  0.03367716426591  0.05983031400000  0.11893729702273  0.45371566931818  0.00000000000000  0.09237516677045  0.09237516676591  -0.04020584326364  0.49842449579545  0.49842449579545  0.06809222047727  0.10129861680682  0.10129861698864  0.11225704469091  0.13626453793182  0.13626453795455  0.04399569840909  0.99893919875000  0.99893919875000  0.62845140375000  1.07897730431818  1.07897730431818  0.45913032931818  0.61764953310227  0.61764953310227  0.25079146676136  0.73831036895455  0.73831036895455  0.33268370572727  0.63500355522727  0.63500355522727  0.33290665590909  0.38820968993636  0.38820968993636  0.13560474098182
-0.00691607151364  0.20655161819318  0.35481648854091  0.07049987870455  0.53043837097727  0.55353264403409  0.06383469043409  1.21939355113636  0.09558464936136  0.03294063026591  0.20337321234091  0.14529098902273  -0.03652839208409  0.48007448593182  1.04220033704545  -0.03947868577273  0.53997207733864  0.09237516677045  0.00000000000000  0.29893507820909  0.29893507820682  -0.01855562139545  0.34886329215909  0.34886329215909  0.05487608929545  0.27772848022727  0.27772848022727  0.06945750936364  0.35381030275000  0.35381030275000  0.04188431665909  0.35317725461364  0.35317725461364  0.14641328238636  0.37053378131818  0.37053378109091  0.16112927586364  0.33916136719545  0.33916136717727  0.09297197251591  0.35498190246818  0.35498190245227  0.09832265100000  0.89596809250000  0.89596809250000  0.40408835613636  0.65196314454545  0.65196314477273
0.25488766259545  0.20655161819318  0.35481648901591  0.24647214172727  0.53043837118182  0.55353264402273  1.23072702181818  1.21939355113636  0.09558464935000  0.05397222895000  0.20337321234091  0.14529098902273  0.50063591545000  0.48007448593182  1.04220033704545  0.16948950750000  0.53997207733864  0.09237516676591  0.29893507820909  0.00000000000000  -0.04664891045455  0.64099140788409  0.64099140787955  0.19375921926591  0.58218458068432  0.58218458068523  0.28838786977409  0.60470535811591  0.60470535811591  0.32205573289091  0.49651970272727  0.49651970272727  0.18700196750000  0.46835393834091  0.46835393834091  0.14134692563636  0.44190245783182  0.44190245781136  0.12207690480227  0.61731431522727  0.61731431522727  0.27929481136364  0.54927515831818  0.54927515831818  0.17664338268182  0.46247186545455  0.46247186545455  0.00937833090909
0.25488766259091  -0.01378839369318  0.13507885989318  0.24647214172727  0.15470683956818  0.30022093019318  1.23072702181818  0.73534220068182  0.02663540153409  0.05397222895000  0.01994046104545  0.05481936579545  0.50063591522273  0.00142079547727  0.36641894113636  0.16948950750000  0.20687627686136  -0.04020584326364  0.29893507820682  -0.04664891045455  0.00000000000000  0.46228265895455  0.46228265893182  0.18324934513636  0.31749851944773  0.31749851944545  0.05425187012500  0.32312968352273  0.32312968352273  -0.00086048134091  0.36361110634091  0.36361110633864  0.02404914638864  0.32841442326364  0.32841442371818  -0.07759912775909  0.32130332069773  0.32130332072045  -0.10326110887727  0.18253487832500  0.18253487834773  0.02564528700455  0.33632204500000  0.33632204500000  0.16925306195455  0.48632001792955  0.48632001792955  0.11441905588636
-0.03786384202045  0.19592651563636  0.17148208050000  0.04516268454545  0.63630897002273  0.37929650222500  0.75626288454545  0.59707505254545  0.41871533530909  0.02564241372273  1.06569605156818  0.13875178811364  0.08088176692727  0.11891133529773  0.76262401572727  0.00300225702273  0.35834013647727  0.49842449579545  -0.01855562139545  0.64099140788409  0.46228265895455  0.00000000000000  0.42902808106818  0.42902808106818  0.10798068379545  0.34092600820455  0.34092600820455  0.18103465852273  0.42703515484091  0.42703515481818  0.06933619018182  0.32546559643409  0.32546559643409  0.12228208036364  0.36912178977273  0.36912178956818  0.02382849431818  0.38340896277273  0.38340896277273  0.05595339836591  0.32976096940909  0.32976096940909  0.04840391727273  0.25648705271136  0.25648705271364  0.01987310283182  1.15810660227273  1.15810660227273
0.26750469270455  0.19592651563636  0.17148208050000  0.32048863100000  0.63630897002273  0.37929650227045  1.38474556909091  0.59707505300000  0.41871533525909  0.00885706787273  1.06569605156818  0.13875178811364  0.30648781550000  0.11891133554773  0.76262401572727  0.09716929783409  0.35834013647727  0.49842449579545  0.34886329215909  0.64099140787955  0.46228265893182  0.42902808106818  0.00000000000000  0.48806055863636  0.93188655727273  0.93188655750000  0.63502110122727  0.75447690431818  0.75447690431818  0.42835368568182  0.79318457052273  0.79318457052273  0.45447025402273  0.26118339344091  0.26118339344318  0.18279831569545  0.16725624682273  0.16725624680000  0.00657204595000  0.20487651445455  0.20487651445455  0.04997604018182  0.19439998909091  0.19439998931818  0.03823443909091  0.27004233195455  0.27004233194773  0.04126880517955
0.26750469293182  -0.05101424115909  -0.03955500543182  0.32048863102273  0.25493551775000  0.13165692175000  1.38474556886364  0.27065929790909  0.07174418001364  0.00885706787727  0.62683629247727  0.13878094420455  0.30648781550227  0.09606294025227  0.01172493145455  0.09716929758409  0.02245015686364  0.06809222047727  0.34886329215909  0.19375921926591  0.18324934513636  0.42902808106818  0.48806055863636  0.00000000000000  0.20128904710682  0.20128904710682  0.04292591678864  0.26034218447727  0.26034218447727  0.04734019725000  0.19835632429091  0.19835632429091  0.05870940861818  0.27017741097727  0.27017741097727  0.01288682479545  0.50142050940455  0.50142050940455  0.16264048935455  0.44023645677273  0.44023645677273  -0.05021241904545  0.63075724447955  0.63075724447955  0.19139423797500  0.57834801518182  0.57834801518182  0.15388665186364
-0.00999109095455  0.24977175113636  0.18067831849773  -0.00078393168182  0.38070384077273  0.59421620731818  0.27177266272727  0.78893315136364  0.11312776454545  0.13994139922955  1.07890771318182  0.19182700010455  0.06406783128864  0.11984102531818  0.63070725211364  -0.05276024026364  0.66505449129545  0.10129861680682  0.05487608929545  0.58218458068432  0.31749851944773  0.10798068379545  0.93188655727273  0.20128904710682  0.00000000000000  0.84037302120455  0.84037302143182  0.49421828370455  0.63599687227273  0.63599687227273  0.36362174545455  0.59387274047045  0.59387274047045  0.14391171316818  0.54336663020455  0.54336662997727  0.08817982825000  0.56161271643182  0.56161271643182  0.25668728970455  0.58356763579545  0.58356763579545  0.02286962715909  0.44091530545455  0.44091530545455  -0.00190850995455  0.46821117102273  0.46821117125000
0.32922001222727  0.24977175136364  0.18067831847500  0.30003698448182  0.38070384077273  0.59421620731818  0.29462472912727  0.78893315136364  0.11312776431818  0.05655232667432  1.07890771318182  0.19182700010455  0.48095156451818  0.11984102552273  0.63070725211364  0.10715934085227  0.66505449127273  0.10129861698864  0.27772848022727  0.58218458068523  0.31749851944545  0.34092600820455  0.93188655750000  0.20128904710682  0.84037302120455  0.00000000000000  0.11406231011364  0.15634848488409  0.15634848486136  0.01872663500000  0.21521444653409  0.21521444653409  -0.05660678755909  0.25988777195455  0.25988777193182  0.03278322170455  0.24707157763182  0.24707157767727  0.02866567952727  0.19666394279545  0.19666394279545  -0.05457358634091  0.23036264120455  0.23036264122727  0.05882827870455  0.31784968379545  0.31784968381818  0.07052487731818
0.32922001222727  -0.05131534245455  -0.05670273156818  0.30003698450455  -0.01595072363636  0.23662401263636  0.29462472912955  0.31599230272727  0.10188707084091  0.05655232667500  0.48807067818182  0.06863018771136  0.48095156449409  0.06085958818182  0.14002003988636  0.10715934085227  0.17576149356818  0.11225704469091  0.27772848022727  0.28838786977409  0.05425187012500  0.34092600820455  0.63502110122727  0.04292591678864  0.84037302143182  0.11406231011364  0.00000000000000  0.58347023738636  0.58347023734091  0.21132116247727  0.46420549054545  0.46420549054545  0.16572293990909  0.42084479943182  0.42084479943182  0.23709957847727  0.44923317132727  0.44923317132727  0.09679450732727  0.35421709277273  0.35421709277045  0.10039458556591  0.33342968020455  0.33342968020455  0.05209830884091  0.34057914181818  0.34057914179545  0.07432384402273
0.02525528027273  0.19715892234545  0.11640733177045  0.04457750226591  0.33629670994545  0.44791312918182  0.15201198247045  0.36404221393636  0.92680935818182  0.04223875435636  0.99603985159091  0.08414995479545  -0.09805217206114  0.31794967293636  1.06699346068182  0.00903942835227  0.26727156923409  0.13626453793182  0.06945750936364  0.60470535811591  0.32312968352273  0.18103465852273  0.75447690431818  0.26034218447727  0.49421828370455  0.15634848488409  0.58347023738636  0.00000000000000  0.34470404878877  0.34470404879093  0.00148047575625  0.29326379175000  0.29326379177273  -0.02424054638636  0.74184030334091  0.74184030331818  0.15776163697727  0.72500339454545  0.72500339454545  0.22182881909091  0.84435745227273  0.84435745227273  0.22410979550000  0.21357448739545  0.21357448737273  0.13616108796364  0.11535747660000  0.11535747660000
0.26545937372273  0.19715892234545  0.11640733179318  0.39613030954545  0.33629670994773  0.44791312940909  0.12981593096818  0.36404221393182  0.92680935840909  0.41717845609545  0.99603985159091  0.08414995484091  0.20266330563182  0.31794967291364  1.06699346045455  0.08825836006818  0.26727156946136  0.13626453795455  0.35381030275000  0.60470535811591  0.32312968352273  0.42703515484091  0.75447690431818  0.26034218447727  0.63599687227273  0.15634848486136  0.58347023734091  0.34470404878877  0.00000000000000  0.00686091003182  0.16049864716818  0.16049864739545  -0.00020765424091  0.15704516918182  0.15704516918182  0.06815490372727  0.28043457788636  0.28043457809091  -0.01497801220455  0.21471612275000  0.21471612275000  0.02354589986364  0.35810130879545  0.35810130856818  0.09280815879545  0.27175472800000  0.27175472800000  0.14645393072727
0.26545937372273  -0.02282260136818  -0.04314438902045  0.39613030929545  -0.02083067663636  0.03495612579545  0.12981593096818  0.12488148723864  0.08822892568182  0.41717845609773  -0.10421346159091  0.01426375972727  0.20266330567955  0.03853097186818  0.25354956659091  0.08825836029545  0.05349017426364  0.04399569840909  0.35381030275000  0.32205573289091  -0.00086048134091  0.42703515481818  0.42835368568182  0.04734019725000  0.63599687227273  0.01872663500000  0.21132116247727  0.34470404879093  0.00686091003182  0.00000000000000  0.36800654618182  0.36800654620455  -0.00850239136364  0.60480384272727  0.60480384272727  0.13353135136364  0.53977330731818  0.53977330709091  -0.00070854390909  1.00003770318182  1.00003770295455  0.22057175500000  0.72294643827273  0.72294643827273  0.18024626463636  0.83312961497727  0.83312961497727  0.17538139070455
-0.01454688627727  0.19979467681364  0.15923099079318  0.10421549006818  0.33233907011364  0.33720802090909  0.09312467092045  0.40894125263636  0.77523388040909  -0.17268439051591  0.77015596909091  0.13675809548182  -0.08979582643864  0.14826441902273  0.70113093522500  -0.03549871827273  0.12859137855909  0.99893919875000  0.04188431665909  0.49651970272727  0.36361110634091  0.06933619018182  0.79318457052273  0.19835632429091  0.36362174545455  0.21521444653409  0.46420549054545  0.00148047575625  0.16049864716818  0.36800654618182  0.00000000000000  0.91286997886364  0.91286997886364  0.52127737250000  0.68739064384091  0.68739064406818  0.27558784088636  0.63647397795455  0.63647397795455  0.08107882113636  0.66637323822045  0.66637323822045  0.21093657185455  0.75644977613636  0.75644977613636  0.28734141159091  0.51162809265000  0.51162809264773
0.80971864713636  0.19979467683409  0.15923099076818  0.32900071782273  0.33233907011364  0.33720802068182  0.11445039470227  0.40894125309091  0.77523388040909  0.04798454993182  0.77015596931818  0.13675809550455  0.10784921336818  0.14826441925000  0.70113093522500  0.37396947959318  0.12859137854545  0.99893919875000  0.35317725461364  0.49651970272727  0.36361110633864  0.32546559643409  0.79318457052273  0.19835632429091  0.59387274047045  0.21521444653409  0.46420549054545  0.29326379175000  0.16049864739545  0.36800654620455  0.91286997886364  0.00000000000000  -0.07591650462273  0.57297008259091  0.57297008259091  0.16464006127273  0.13426345904545  0.13426345904545  -0.03361993856818  0.20218572897273  0.20218572895000  -0.02275904261591  0.26859837268182  0.26859837268182  0.01337007402273  0.27466710563636  0.27466710563636  0.05075810559091
0.80971864713636  -0.09869408747045  0.02011787134318  0.32900071782273  0.12168414488636  0.03839881572727  0.11445039470000  0.26091494022727  -0.02644947950000  0.04798454970455  0.39359357272727  0.07758082020909  0.10784921336818  -0.01177611231818  0.30388364500000  0.37396947958864  -0.01689683736364  0.62845140375000  0.35317725461364  0.18700196750000  0.02404914638864  0.32546559643409  0.45447025402273  0.05870940861818  0.59387274047045  -0.05660678755909  0.16572293990909  0.29326379177273  -0.00020765424091  -0.00850239136364  0.91286997886364  -0.07591650462273  0.00000000000000  0.30352026284091  0.30352026261364  0.07832979397727  0.24026939517727  0.24026939523864  0.06969814072727  0.46146328465909  0.46146328470455  0.03027791356818  0.80660567350000  0.80660567350000  0.24836100804545  0.61454141945455  0.61454141945455  0.09500683554545
0.22507107672727  0.17458819085227  0.16946867263864  0.07854622027727  0.33653009178409  0.34275935731818  0.04533524107045  0.46733566593636  0.52399972586364  0.08201220461364  0.62035199625000  0.09435693706364  0.14594081349545  0.15200890811364  0.95211640502273  0.17601358550000  0.10401236686591  1.07897730431818  0.14641328238636  0.46835393834091  0.32841442326364  0.12228208036364  0.26118339344091  0.27017741097727  0.14391171316818  0.25988777195455  0.42084479943182  -0.02424054638636  0.15704516918182  0.60480384272727  0.52127737250000  0.57297008259091  0.30352026284091  0.00000000000000  0.52556772686364  0.52556772686364  0.09709319559091  0.57062500113636  0.57062500181818  0.12200204795455  0.45059233461364  0.45059233461364  0.08193627672727  0.42640656530682  0.42640656530682  0.10419912166818  0.37365364149091  0.37365364146818
0.89174939675000  0.17458819087273  0.16946867263636  0.52631580336364  0.33653009178409  0.34275935731818  0.14776073088636  0.46733566614091  0.52399972586364  0.07913170432500  0.62035199625000  0.09435693704318  0.09309447648409  0.15200890811364  0.95211640502273  0.13461166855000  0.10401236684545  1.07897730431818  0.37053378131818  0.46835393834091  0.32841442371818  0.36912178977273  0.26118339344318  0.27017741097727  0.54336663020455  0.25988777193182  0.42084479943182  0.74184030334091  0.15704516918182  0.60480384272727  0.68739064384091  0.57297008259091  0.30352026261364  0.52556772686364  0.00000000000000  -0.01780175535455  0.43938655877273  0.43938655875000  0.09612131209091  0.33691050743182  0.33691050743182  0.04360407993182  0.99180604227273  0.99180604227273  0.52182935409091  1.18006186522727  1.18006186522727  0.46138166522727
0.89174939672727  -0.06546941805455  0.00289561785227  0.52631580338636  -0.02261230198864  0.01824464213636  0.14776073088636  0.14726053640227  0.08322987577273  0.07913170429773  0.17240630765909  0.11170714330455  0.09309447648182  -0.01192349134091  0.33282042179545  0.13461166855000  -0.02468324967955  0.45913032931818  0.37053378109091  0.14134692563636  -0.07759912775909  0.36912178956818  0.18279831569545  0.01288682479545  0.54336662997727  0.03278322170455  0.23709957847727  0.74184030331818  0.06815490372727  0.13353135136364  0.68739064406818  0.16464006127273  0.07832979397727  0.52556772686364  -0.01780175535455  0.00000000000000  0.29369641595455  0.29369641595455  0.22578276663636  0.19544504047727  0.19544504052273  0.06362157159091  0.20640336355909  0.20640336360227  0.00243787862273  0.23179380463864  0.23179380441136  0.03719788882273
0.24052992615909  0.41703472989773  0.13057695586818  0.21322586854545  0.29081926952273  0.25906612432727  0.06596820000000  0.07173804415909  0.32686088029545  0.05513784234545  0.89785044711364  0.43095008045455  0.03231403862727  0.17228297395455  0.46131152562955  -0.01286282277727  0.06122958706818  0.61764953310227  0.16112927586364  0.44190245783182  0.32130332069773  0.02382849431818  0.16725624682273  0.50142050940455  0.08817982825000  0.24707157763182  0.44923317132727  0.15776163697727  0.28043457788636  0.53977330731818  0.27558784088636  0.13426345904545  0.24026939517727  0.09709319559091  0.43938655877273  0.29369641595455  0.00000000000000  0.28296268312045  0.28296268309773  -0.02410764161136  0.19820741255227  0.19820741255227  0.01860719553864  0.24632944720455  0.24632944720455  0.09414621175000  0.23970051650134  0.23970051650357
0.86152800956818  0.41703472989545  0.13057695586818  0.55080100581364  0.29081926954545  0.25906612430227  0.24333370475000  0.07173804420455  0.32686087961364  1.41810391340909  0.89785044709091  0.43095008045455  0.05844480550227  0.17228297395455  0.46131152562955  0.48625591670909  0.06122958704545  0.61764953310227  0.33916136719545  0.44190245781136  0.32130332072045  0.38340896277273  0.16725624680000  0.50142050940455  0.56161271643182  0.24707157767727  0.44923317132727  0.72500339454545  0.28043457809091  0.53977330709091  0.63647397795455  0.13426345904545  0.24026939523864  0.57062500113636  0.43938655875000  0.29369641595455  0.28296268312045  0.00000000000000  0.09154311924339  0.25069323027273  0.25069323029545  0.01063394895455  0.45751776079091  0.45751776079091  0.20727179624545  0.44975049330682  0.44975049330455  -0.04139806346818
0.86152800934091  0.07646771462727  0.05779641750000  0.55080100582727  -0.03498560915909  0.03696908057727  0.24333370477273  0.10084013018182  0.07007867536364  1.41810391340909  0.17646965406818  0.12068956081818  0.05844480525455  -0.06869513175000  0.07254844900909  0.48625591668636  -0.01862468502273  0.25079146676136  0.33916136717727  0.12207690480227  -0.10326110887727  0.38340896277273  0.00657204595000  0.16264048935455  0.56161271643182  0.02866567952727  0.09679450732727  0.72500339454545  -0.01497801220455  -0.00070854390909  0.63647397795455  -0.03361993856818  0.06969814072727  0.57062500181818  0.09612131209091  0.22578276663636  0.28296268309773  0.09154311924339  0.00000000000000  0.58738785677273  0.58738785677273  0.12974284550000  0.56311228409091  0.56311228409091  0.19245563590909  0.91108202961364  0.91108202961364  0.53017932265909
0.21185357406818  0.23229063036364  0.16311811421364  0.19627999845227  0.31250796681591  0.30727300149091  0.07145662693182  0.05634276772727  0.43616462759364  0.17008177795455  0.57862537029545  0.15814597650000  0.01438231715455  0.27860177270455  0.50945904284091  0.30006625893636  0.04631295636455  0.73831036895455  0.09297197251591  0.61731431522727  0.18253487832500  0.05595339836591  0.20487651445455  0.44023645677273  0.25668728970455  0.19666394279545  0.35421709277273  0.22182881909091  0.21471612275000  1.00003770318182  0.08107882113636  0.20218572897273  0.46146328465909  0.12200204795455  0.33691050743182  0.19544504047727  -0.02410764161136  0.25069323027273  0.58738785677273  0.00000000000000  0.60918191584091  0.60918191584091  0.27690380084091  0.73828479431818  0.73828479431818  0.17706036840909  0.59116614647727  0.59116614647727
0.78191363013636  0.23229063036364  0.16311811375909  0.53262912825682  0.31250796658864  0.30727300149091  0.13607756724318  0.05634276775000  0.43616462761614  0.44633839100523  0.57862537027273  0.15814597650000  0.04726222195455  0.27860177268182  0.50945904284091  0.15134321991364  0.04631295659273  0.73831036895455  0.35498190246818  0.61731431522727  0.18253487834773  0.32976096940909  0.20487651445455  0.44023645677273  0.58356763579545  0.19666394279545  0.35421709277045  0.84435745227273  0.21471612275000  1.00003770295455  0.66637323822045  0.20218572895000  0.46146328470455  0.45059233461364  0.33691050743182  0.19544504052273  0.19820741255227  0.25069323029545  0.58738785677273  0.60918191584091  0.00000000000000  0.30608387988636  0.59468085945455  0.59468085945455  0.05492824309091  0.65289757129545  0.65289757129545  -0.03514560652273
0.78191363036364  -0.07837633559091  0.03732609975909  0.53262912827273  0.01451862482045  -0.02314063678182  0.13607756724318  0.05031173231818  -0.04382907158795  0.44633839100591  0.11155091800000  0.07130090727273  0.04726222172727  0.11038378322727  0.02841691147727  0.15134321991591  -0.00479978992409  0.33268370572727  0.35498190245227  0.27929481136364  0.02564528700455  0.32976096940909  0.04997604018182  -0.05021241904545  0.58356763579545  -0.05457358634091  0.10039458556591  0.84435745227273  0.02354589986364  0.22057175500000  0.66637323822045  -0.02275904261591  0.03027791356818  0.45059233461364  0.04360407993182  0.06362157159091  0.19820741255227  0.01063394895455  0.12974284550000  0.60918191584091  0.30608387988636  0.00000000000000  0.48484866363864  0.48484866341136  -0.05879289295682  0.53198348977273  0.53198348954545  0.00361374395455
0.33373479190909  0.54195637660909  0.49989377254545  0.09687605003636  0.50847949772727  0.26547629661364  -0.01328320808409  0.14994493511591  0.18993315788182  0.28437093627795  0.78524216361364  0.46069743604045  0.06647635281818  0.17048146090909  0.70393526493182  0.02230957189091  0.09795436083864  0.63500355522727  0.09832265100000  0.54927515831818  0.33632204500000  0.04840391727273  0.19439998909091  0.63075724447955  0.02286962715909  0.23036264120455  0.33342968020455  0.22410979550000  0.35810130879545  0.72294643827273  0.21093657185455  0.26859837268182  0.80660567350000  0.08193627672727  0.99180604227273  0.20640336355909  0.01860719553864  0.45751776079091  0.56311228409091  0.27690380084091  0.59468085945455  0.48484866363864  0.00000000000000  0.18659850983182  0.18659850982727  0.04628316651136  0.26624513365909  0.26624513365909
0.66970663213636  0.54195637660909  0.49989377254545  0.54609356250000  0.50847949772727  0.26547629661364  0.96520173200000  0.14994493510909  0.18993315813182  0.21251158868182  0.78524216361364  0.46069743604000  0.12399055888636  0.17048146090909  0.70393526493182  0.94523887090909  0.09795436088182  0.63500355522727  0.89596809250000  0.54927515831818  0.33632204500000  0.25648705271136  0.19439998931818  0.63075724447955  0.44091530545455  0.23036264122727  0.33342968020455  0.21357448739545  0.35810130856818  0.72294643827273  0.75644977613636  0.26859837268182  0.80660567350000  0.42640656530682  0.99180604227273  0.20640336360227  0.24632944720455  0.45751776079091  0.56311228409091  0.73828479431818  0.59468085945455  0.48484866341136  0.18659850983182  0.00000000000000  -0.10786071734091  0.31507350213636  0.31507350215909  -0.03118412309091
0.66970663190909  0.15476684839091  -0.00770884427273  0.54609356250000  0.12188138509091  0.13298976850000  0.96520173195455  0.10887774504773  -0.01284563063182  0.21251158868182  0.13052054452273  0.05635201668795  0.12399055888636  0.04624543745455  0.34265827643182  0.94523887090909  0.02532083815227  0.33290665590909  0.89596809250000  0.17664338268182  0.16925306195455  0.25648705271364  0.03823443909091  0.19139423797500  0.44091530545455  0.05882827870455  0.05209830884091  0.21357448737273  0.09280815879545  0.18024626463636  0.75644977613636  0.01337007402273  0.24836100804545  0.42640656530682  0.52182935409091  0.00243787862273  0.24632944720455  0.20727179624545  0.19245563590909  0.73828479431818  0.05492824309091  -0.05879289295682  0.18659850982727  -0.10786071734091  0.00000000000000  0.29795765135455  0.29795765146591  -0.12526028051136
0.33187119281818  0.21750222555227  0.16532487971818  0.20583480340909  0.39715504881818  0.22952075043864  0.51546475409091  0.07042348627727  0.03261118418182  0.09043800063636  0.37856087360455  0.14874081372045  -0.00132575406818  0.88350857312273  0.13010939052500  0.40976745500000  0.02291850411364  0.38820968993636  0.40408835613636  0.46247186545455  0.48632001792955  0.01987310283182  0.27004233195455  0.57834801518182  -0.00190850995455  0.31784968379545  0.34057914181818  0.13616108796364  0.27175472800000  0.83312961497727  0.28734141159091  0.27466710563636  0.61454141945455  0.10419912166818  1.18006186522727  0.23179380463864  0.09414621175000  0.44975049330682  0.91108202961364  0.17706036840909  0.65289757129545  0.53198348977273  0.04628316651136  0.31507350213636  0.29795765135455  0.00000000000000  0.22650845381136  0.22650845381136
