0.00000000000000  1.02285946863636  1.02285946886364  0.52704152727273  0.84285357502273  0.84285357502273  0.02399671861364  0.69453649565682  0.69453649542955  -0.03010774070682  0.72777107456818  0.72777107456818  0.20798562047727  0.22082365625000  0.22082365625000  0.01453458220455  0.12800862336818  0.12800862336818  0.09243279341364  0.18323591778409  0.18323591796591  0.04785944119318  0.13168860746977  0.13168860746977  0.03457971537159  0.26459360936364  0.26459360938636  0.06122033468409  0.19231458525000  0.19231458525000  0.06451186806591  0.48324237665227  0.48324237687727  0.13043317396136  0.54510852540909  0.54510852518182  0.18634551945455  0.51357052990909  0.51357052986364  0.08660144141136  0.52977946329091  0.52977946306136  0.17114302727727  0.49791071925000  0.49791071922727  0.21886831077273  0.94573307320455  0.94573307318182
1.02285946863636  0.00000000000000  0.40965594954545  0.50952873638864  0.50952873638636  0.03139521565909  0.53588058375000  0.53588058352273  0.21763069329545  0.34251332454318  0.34251332454318  0.13436295104318  0.41402861677273  0.41402861672727  0.06377614854545  0.48686167763636  0.48686167763636  0.07159991109091  0.24064170340909  0.24064170365909  0.05664398136364  0.23386287535455  0.23386287535455  -0.00772998215455  0.24501846159773  0.24501846159091  0.12567131949545  0.27236883720455  0.27236883697727  0.17109442431818  0.18515326002273  0.18515325981818  -0.00183012950000  0.22881546529545  0.22881546534091  0.01336944552273  0.36150207172727  0.36150207172727  0.13396024577273  0.24922866527273  0.24922866527273  0.01296923518182  0.36850955443182  0.36850955443182  -0.00920420584091  0.23322494305000  0.23322494305000  0.07104322625455
1.02285946886364  0.40965594954545  0.00000000000000  0.52638671290909  0.52638671290909  0.13178471309091  0.45772613181818  0.45772613184091  0.06518147859091  0.33411159869545  0.33411159867273  0.17422900146750  0.21405585131818  0.21405585134091  -0.00756116272727  0.47384224277273  0.47384224277273  0.20198904822727  0.19408628699545  0.19408628701818  0.02909436055909  0.22123147385455  0.22123147362500  0.03049903022955  0.20645420625000  0.20645420625000  0.02764097052273  0.19571558109091  0.19571558086364  0.02784554172727  0.12467273639773  0.12467273639773  0.12514364660227  0.15147426445455  0.15147426445455  0.02862777454545  0.14581926436364  0.14581926436364  0.10835004086364  0.16613742206818  0.16613742204318  0.04976584127727  0.30433353108864  0.30433353088636  -0.02856515750909  0.15027798717273  0.15027798715227  -0.01594651335000
0.52704152727273  0.50952873638864  0.52638671290909  0.00000000000000  0.12751036759091  0.12751036759091  0.07879375470455  0.47962692093182  0.47962692093182  0.14739080247955  0.48318024338636  0.48318024338636  0.04827370522727  0.53080553428182  0.53080553427500  0.12666252730227  0.35728141240455  0.35728141219773  -0.01602327418864  0.25552479488636  0.25552479493182  0.04004036411364  0.35556338141182  0.35556338141182  -0.06986095502545  0.21925829247727  0.21925829243182  -0.01529157411364  0.33905264241364  0.33905264241364  0.03774214054773  0.30513999783432  0.30513999806136  0.05305082656045  0.35368534895773  0.35368534895682  0.19379544268000  0.35962468320773  0.35962468343705  0.17480388207409  0.36330834236364  0.36330834236364  0.02808798270455  0.37574695798864  0.37574695799091  0.24314364781591  0.47258376759091  0.47258376759091
0.84285357502273  0.50952873638636  0.52638671290909  0.12751036759091  0.00000000000000  0.25530764531818  0.60296640220455  0.60296640220455  0.23716992720455  0.72498692575000  0.72498692575000  0.39180865438636  0.50810032184091  0.50810032186364  0.23245750095455  0.48527459565909  0.48527459565909  0.12777675434091  0.53526719909091  0.53526719886364  0.05377850818182  0.59495805522727  0.59495805522727  0.20005390022727  0.44269052584091  0.44269052606818  -0.06738826943182  0.39279259195455  0.39279259195455  0.02986496281818  0.32251927172727  0.32251927195455  0.14692748586364  0.42213262979545  0.42213262979545  -0.05578559497727  0.29989141420455  0.29989141420455  -0.08992591443182  0.34192924313636  0.34192924313636  -0.02310568790909  0.40023830786591  0.40023830788864  0.10385153965909  0.38996893054545  0.38996893054545  -0.05330517350000
0.84285357502273  0.03139521565909  0.13178471309091  0.12751036759091  0.25530764531818  0.00000000000000  0.43776818292955  0.43776818315227  0.01579034791591  0.39601068843182  0.39601068822727  -0.04282504893182  0.37184788287727  0.37184788287500  0.19554148623864  0.32348379756818  0.32348379779545  0.06179761438636  0.37790129811364  0.37790129811364  0.16314006765909  0.24423057804545  0.24423057804545  -0.07651350340909  0.51085634627273  0.51085634627273  0.15773879015909  0.32642243333182  0.32642243308182  0.01407366635455  0.35526274002273  0.35526274002273  0.02583220788636  0.35982439128409  0.35982439128409  0.00698520571591  0.27181672379545  0.27181672379545  0.16140749620455  0.24544792779545  0.24544792779545  -0.02306545111364  0.27686934202727  0.27686934202500  0.09042653529773  0.27090074300909  0.27090074298409  0.09566830843864
0.02399671861364  0.53588058375000  0.45772613181818  0.07879375470455  0.60296640220455  0.43776818292955  0.00000000000000  0.26957137426136  0.26957137426136  -0.00159390226136  0.32451504999773  0.32451504999773  -0.06194311222955  0.29091383416818  0.29091383416591  -0.10102367506364  0.28082744613636  0.28082744593182  0.03502492775000  1.10258142068182  1.10258142068182  0.78158739840909  1.24789139318182  1.24789139340909  0.30981884022727  0.23528643911364  0.23528643911364  0.11294621440909  0.09010656665909  0.09010656665909  0.04486396734091  0.11115220138636  0.11115220138636  0.05188705211364  0.07633582563636  0.07633582563636  -0.02013321677273  0.18740076263636  0.18740076263636  0.11450798709091  0.08589988596591  0.08589988596364  0.02829323196591  0.64547232636364  0.64547232659091  0.38036805568182  0.75142069468182  0.75142069468182
0.69453649565682  0.53588058352273  0.45772613184091  0.47962692093182  0.60296640220455  0.43776818315227  0.26957137426136  0.00000000000000  0.17760399986364  0.68707938479773  0.68707938502273  0.14228442373409  0.66010420972045  0.66010420972273  0.28780108164091  0.52115888303636  0.52115888305909  0.09406708585000  0.97494884772727  0.97494884795455  0.47979389022727  0.48457203122273  0.48457203098864  0.19313248427273  0.68263494497727  0.68263494497727  0.29365167143182  0.33803403875000  0.33803403854545  -0.04940965886364  0.38236826470455  0.38236826467500  0.15122687040227  0.47697170563636  0.47697170540909  0.08348257050000  0.12022365272727  0.12022365293182  0.05766552043182  0.06948382817500  0.06948382772045  0.08191755481136  0.11464995053182  0.11464995053182  0.03011949485000  0.11970624352273  0.11970624352273  0.04988279752273
0.69453649542955  0.21763069329545  0.06518147859091  0.47962692093182  0.23716992720455  0.01579034791591  0.26957137426136  0.17760399986364  0.00000000000000  0.11353604888636  0.11353604911364  -0.08519923347727  0.12357878375455  0.12357878375455  -0.03230319702955  0.23549553322045  0.23549553322045  0.05348371956364  0.10605987368182  0.10605987365909  -0.01484662392955  0.31757103559091  0.31757103559091  0.07754998265909  0.10541792263636  0.10541792272727  0.08238620495455  0.60807441911364  0.60807441911364  0.05824790775000  0.47704757292955  0.47704757293182  -0.03574798029545  0.34036682022727  0.34036682022727  0.13985338727273  0.26136786038636  0.26136786038636  0.06731928747727  0.38395523913636  0.38395523915909  -0.03902560856818  0.08202398288864  0.08202398289318  0.02058744019773  0.09418629975909  0.09418629930455  0.00149646960000
-0.03010774070682  0.34251332454318  0.33411159869545  0.14739080247955  0.72498692575000  0.39601068843182  -0.00159390226136  0.68707938479773  0.11353604888636  0.00000000000000  0.08500615125455  0.08500615123409  0.04968611093864  0.10249402869773  0.10249402865455  0.02836043476591  0.05561010592955  0.05561010592500  0.09097019831591  0.05291460106818  0.05291460106818  -0.06413170493182  0.06220129331818  0.06220129331818  -0.00864487763636  0.06099427070455  0.06099427090909  -0.05149721336364  0.23631440629545  0.23631440652273  -0.04742187952273  0.07646970813636  0.07646970815909  -0.08683602590909  0.09796079499545  0.09796079495000  -0.10590153443864  1.32740892772727  1.32740892772727  0.20483321318182  0.43893063254545  0.43893063254545  0.16752370518182  0.16958378852273  0.16958378852273  0.10768356370455  0.21020293883409  0.21020293881591
0.72777107456818  0.34251332454318  0.33411159867273  0.48318024338636  0.72498692575000  0.39601068822727  0.32451504999773  0.68707938502273  0.11353604911364  0.08500615125455  0.00000000000000  0.03617313448182  0.16165643950682  0.16165643952955  0.15848929646136  0.30335332570455  0.30335332572500  0.17638892302500  0.15808572156818  0.15808572179545  0.02702562343182  0.77261641409091  0.77261641409091  0.50262746768182  0.86256897538636  0.86256897538636  0.37250440629545  0.80224119836364  0.80224119836364  0.00187295454545  0.56655447560682  0.56655447560455  0.09604669010909  0.45479132228182  0.45479132228182  0.03254303990000  0.79836705204545  0.79836705204545  0.21056381831818  0.46587820706818  0.46587820706818  0.09038921115909  0.72187446697727  0.72187446697727  0.17298411970455  0.35045049092045  0.35045049094318  -0.05644271421591
0.72777107456818  0.13436295104318  0.17422900146750  0.48318024338636  0.39180865438636  -0.04282504893182  0.32451504999773  0.14228442373409  -0.08519923347727  0.08500615123409  0.03617313448182  0.00000000000000  0.73064274400000  0.73064274400000  0.50496865095455  0.60359023177273  0.60359023202273  0.05677926159091  0.17515063865909  0.17515063890909  0.10978482781818  0.09713728872000  0.09713728872045  0.02047646291432  0.17260937865227  0.17260937865455  0.06651023897045  0.14955517531750  0.14955517536545  0.05708905295364  0.12071829005682  0.12071829005455  -0.01516295030909  0.11905800053182  0.11905800052955  0.04676319675682  0.32284535922045  0.32284535922045  0.12485531433864  0.15795313468182  0.15795313490909  0.08494945677273  0.42120499516818  0.42120499516818  -0.08760077410455  0.22149196243409  0.22149196250000  0.04778882809091
0.20798562047727  0.41402861677273  0.21405585131818  0.04827370522727  0.50810032184091  0.37184788287727  -0.06194311222955  0.66010420972045  0.12357878375455  0.04968611093864  0.16165643950682  0.73064274400000  0.00000000000000  0.68995849655909  0.68995849633182  0.21602104496818  0.50778541272727  0.50778541272727  -0.04127078322727  0.36703005774318  0.36703005769773  0.05751757008409  0.23953102663636  0.23953102663636  0.10507359100000  0.46961474516818  0.46961474541818  0.02606592890000  0.12674716883864  0.12674716884091  0.10788512379318  0.09342875997727  0.09342875997727  0.03760312106818  0.16888201884091  0.16888201881818  0.10889403340909  0.12873091451818  0.12873091444545  0.04583951187955  0.08521619747727  0.08521619745455  0.06836766104545  0.11838994547727  0.11838994545455  -0.03033140436364  0.07498526645455  0.07498526647727
0.22082365625000  0.41402861672727  0.21405585134091  0.53080553428182  0.50810032186364  0.37184788287500  0.29091383416818  0.66010420972273  0.12357878375455  0.10249402869773  0.16165643952955  0.73064274400000  0.68995849655909  0.00000000000000  -0.02821417108864  0.13203301677500  0.13203301677727  -0.01553041955455  0.33418559728182  0.33418559727955  0.04046672423409  0.07779112675000  0.07779112675000  -0.01646311636364  0.04672685347500  0.04672685347727  -0.04520628909091  0.29137920261136  0.29137920261364  0.09157838356818  0.06874893659318  0.06874893659318  -0.02106620867955  0.14255073536364  0.14255073536364  0.06729850586364  0.08173911695455  0.08173911695455  0.09163874677273  0.21156018229545  0.21156018231818  0.13358934234091  0.10698964843182  0.10698964843182  0.06094476195455  0.59806960491364  0.59806960468409  0.12293218549318
0.22082365625000  0.06377614854545  -0.00756116272727  0.53080553427500  0.23245750095455  0.19554148623864  0.29091383416591  0.28780108164091  -0.03230319702955  0.10249402865455  0.15848929646136  0.50496865095455  0.68995849633182  -0.02821417108864  0.00000000000000  0.74183204863636  0.74183204863636  0.07495089545455  0.77073609259545  0.77073609259545  0.25267576427500  0.60531789065909  0.60531789065909  0.09489911161364  0.49443659222727  0.49443659222727  -0.01654214313636  0.81367277452273  0.81367277452273  0.14602700411364  0.40676764190909  0.40676764190909  0.12296683947727  0.77618855252273  0.77618855252273  0.22031704706818  0.31998512011818  0.31998512011818  0.00431195752045  0.53090697797727  0.53090697818182  0.07594408684091  0.73139118479545  0.73139118522727  0.34219297659091  0.14823947915909  0.14823947915909  0.03920745556818
0.01453458220455  0.48686167763636  0.47384224277273  0.12666252730227  0.48527459565909  0.32348379756818  -0.10102367506364  0.52115888303636  0.23549553322045  0.02836043476591  0.30335332570455  0.60359023177273  0.21602104496818  0.13203301677500  0.74183204863636  0.00000000000000  0.06991116411364  0.06991116411364  -0.03250389088636  0.12762571945000  0.12762571945227  0.02490352098182  0.12691764716364  0.12691764716364  -0.00404753260909  0.10898292738636  0.10898292740909  0.05917419079545  0.12506086451591  0.12506086449091  0.03611367961136  0.23816323172500  0.23816323170227  0.14730660109318  0.11443051868182  0.11443051888636  0.03419921963636  0.37107236792955  0.37107236792727  0.15423663574545  0.14017936390909  0.14017936390909  0.01848906036364  0.67022624361364  0.67022624361364  0.16040021270455  0.50632689343182  0.50632689343182
0.12800862336818  0.48686167763636  0.47384224277273  0.35728141240455  0.48527459565909  0.32348379779545  0.28082744613636  0.52115888305909  0.23549553322045  0.05561010592955  0.30335332572500  0.60359023202273  0.50778541272727  0.13203301677727  0.74183204863636  0.06991116411364  0.00000000000000  0.29776967643182  0.37288218438409  0.37288218437955  0.10168733938182  0.28425620220455  0.28425620220455  -0.12150245897727  0.55612516955455  0.55612516955455  0.15886535910000  0.10360289569318  0.10360289567045  0.00199658942045  0.10499750195455  0.10499750175000  -0.12212893679545  0.12305282046591  0.12305282046409  -0.02540303398909  0.09404505963636  0.09404505977273  -0.06982802406818  0.06867564128864  0.06867564131364  0.06624034716591  0.08523779828636  0.08523779828636  -0.00770392818864  0.08721398275000  0.08721398275000  0.05286562256818
0.12800862336818  0.07159991109091  0.20198904822727  0.35728141219773  0.12777675434091  0.06179761438636  0.28082744593182  0.09406708585000  0.05348371956364  0.05561010592500  0.17638892302500  0.05677926159091  0.50778541272727  -0.01553041955455  0.07495089545455  0.06991116411364  0.29776967643182  0.00000000000000  0.11445112409773  0.11445112387045  -0.00263048380909  0.32690005190909  0.32690005190909  -0.00048348931818  0.04059465344545  0.04059465344545  -0.01566532850909  0.07098409656818  0.07098409654545  -0.00928115613636  0.99523151477273  0.99523151477273  0.66247109340909  1.17343144475000  1.17343144472727  0.37899809884091  0.62390686295455  0.62390686272727  0.26273547159091  0.66222686670455  0.66222686670455  0.22893947579545  0.54167579754545  0.54167579754545  0.17898473027273  0.27736813447955  0.27736813450227  0.04695978554773
0.09243279341364  0.24064170340909  0.19408628699545  -0.01602327418864  0.53526719909091  0.37790129811364  0.03502492775000  0.97494884772727  0.10605987368182  0.09097019831591  0.15808572156818  0.17515063865909  -0.04127078322727  0.33418559728182  0.77073609259545  -0.03250389088636  0.37288218438409  0.11445112409773  0.00000000000000  0.20239414300000  0.20239414300000  -0.02374741252955  0.23042785258636  0.23042785258864  0.02350462136591  0.24995950925000  0.24995950927273  0.05472536704545  0.28394096421136  0.28394096421136  0.01492497557500  0.24627161297727  0.24627161300000  0.17201485027273  0.27209967677955  0.27209967678182  0.15089707846136  0.30992252108636  0.30992252108636  0.06550761058864  0.30151685384091  0.30151685384091  0.04276197129545  0.85099596631818  0.85099596631818  0.49487706563636  0.50053361022955  0.50053361022955
0.18323591778409  0.24064170365909  0.19408628701818  0.25552479488636  0.53526719886364  0.37790129811364  1.10258142068182  0.97494884795455  0.10605987365909  0.05291460106818  0.15808572179545  0.17515063890909  0.36703005774318  0.33418559727955  0.77073609259545  0.12762571945000  0.37288218437955  0.11445112387045  0.20239414300000  0.00000000000000  -0.03362315436591  0.62228068915909  0.62228068915909  0.27483213402273  0.45135246029545  0.45135246029773  0.20854435711591  0.52140943424545  0.52140943401818  0.33821827011818  0.48437454937045  0.48437454914318  0.25678713753409  0.42664609554545  0.42664609554545  0.16420982190909  0.37368650700000  0.37368650700227  0.05711087018636  0.49752495722727  0.49752495722727  0.21106780763636  0.52183211070909  0.52183211070909  0.20564579661818  0.50834019699318  0.50834019699545  -0.01571558577727
0.18323591796591  0.05664398136364  0.02909436055909  0.25552479493182  0.05377850818182  0.16314006765909  1.10258142068182  0.47979389022727  -0.01484662392955  0.05291460106818  0.02702562343182  0.10978482781818  0.36703005769773  0.04046672423409  0.25267576427500  0.12762571945227  0.10168733938182  -0.00263048380909  0.20239414300000  -0.03362315436591  0.00000000000000  0.50447239615909  0.50447239593182  0.09847194797727  0.22095750609091  0.22095750586364  -0.00761787272727  0.19289581675000  0.19289581675000  -0.02932440697727  0.29981054369545  0.29981054369545  -0.01942698478636  0.21486911136364  0.21486911134091  -0.01434674963636  0.29382822350000  0.29382822327273  -0.06494492718182  0.26426780706818  0.26426780729545  0.06414450077273  0.32618306036364  0.32618306038636  0.09048756504545  0.47681541027273  0.47681541027273  0.14354719790909
0.04785944119318  0.23386287535455  0.22123147385455  0.04004036411364  0.59495805522727  0.24423057804545  0.78158739840909  0.48457203122273  0.31757103559091  -0.06413170493182  0.77261641409091  0.09713728872000  0.05751757008409  0.07779112675000  0.60531789065909  0.02490352098182  0.28425620220455  0.32690005190909  -0.02374741252955  0.62228068915909  0.50447239615909  0.00000000000000  0.31184536625000  0.31184536625000  0.09129351275000  0.29772447037045  0.29772447036591  0.05020930287045  0.38191609361364  0.38191609361364  0.00539696347727  0.33011974831818  0.33011974786364  0.07406849127273  0.35616656688864  0.35616656688864  -0.03311976834318  0.39358819452273  0.39358819429545  0.08321277811364  0.25768553588636  0.25768553588818  -0.02738215578955  0.25994170970909  0.25994170972045  -0.01518896330682  1.01900747270455  1.01900747270455
0.13168860746977  0.23386287535455  0.22123147362500  0.35556338141182  0.59495805522727  0.24423057804545  1.24789139318182  0.48457203098864  0.31757103559091  0.06220129331818  0.77261641409091  0.09713728872045  0.23953102663636  0.07779112675000  0.60531789065909  0.12691764716364  0.28425620220455  0.32690005190909  0.23042785258636  0.62228068915909  0.50447239593182  0.31184536625000  0.00000000000000  0.48850855275000  0.86569096613636  0.86569096613636  0.60773846022727  0.60625243988636  0.60625243990909  0.40756194511364  0.54585493152273  0.54585493152273  0.22695737768182  0.21956370867045  0.21956370867045  0.21548332310227  0.11563669889318  0.11563669889091  -0.00265308345455  0.14431812795909  0.14431812796364  -0.06795766357727  0.14607771417727  0.14607771417500  -0.00989358936591  0.19440074902273  0.19440074879545  0.03236578502273
0.13168860746977  -0.00772998215455  0.03049903022955  0.35556338141182  0.20005390022727  -0.07651350340909  1.24789139340909  0.19313248427273  0.07754998265909  0.06220129331818  0.50262746768182  0.02047646291432  0.23953102663636  -0.01646311636364  0.09489911161364  0.12691764716364  -0.12150245897727  -0.00048348931818  0.23042785258864  0.27483213402273  0.09847194797727  0.31184536625000  0.48850855275000  0.00000000000000  0.12459899002500  0.12459899002273  0.00191878940909  0.21163177362273  0.21163177362045  0.05861837783182  0.16788991015909  0.16788991015909  0.01627500352273  0.21841664645455  0.21841664645455  -0.01444299309091  0.47001566922273  0.47001566922273  0.26769464931364  0.33740086020455  0.33740086020455  0.00805666043182  0.56553389270455  0.56553389270455  0.29026238911364  0.47163707386364  0.47163707388636  0.26943827386364
0.03457971537159  0.24501846159773  0.20645420625000  -0.06986095502545  0.44269052584091  0.51085634627273  0.30981884022727  0.68263494497727  0.10541792263636  -0.00864487763636  0.86256897538636  0.17260937865227  0.10507359100000  0.04672685347500  0.49443659222727  -0.00404753260909  0.55612516955455  0.04059465344545  0.02350462136591  0.45135246029545  0.22095750609091  0.09129351275000  0.86569096613636  0.12459899002500  0.00000000000000  0.70423243252273  0.70423243252273  0.44976625434091  0.47125418619318  0.47125418619318  0.34213571253409  0.38707378986432  0.38707378988659  0.13811688104523  0.40570250815909  0.40570250793182  0.10116759938636  0.47371204679545  0.47371204679545  0.30023419743182  0.51249491895455  0.51249491895455  0.01037814081818  0.40738434804545  0.40738434802273  -0.08587707213636  0.45614063102727  0.45614063080227
0.26459360936364  0.24501846159091  0.20645420625000  0.21925829247727  0.44269052606818  0.51085634627273  0.23528643911364  0.68263494497727  0.10541792272727  0.06099427070455  0.86256897538636  0.17260937865455  0.46961474516818  0.04672685347727  0.49443659222727  0.10898292738636  0.55612516955455  0.04059465344545  0.24995950925000  0.45135246029773  0.22095750586364  0.29772447037045  0.86569096613636  0.12459899002273  0.70423243252273  0.00000000000000  0.13521368852955  0.12314141266591  0.12314141268636  0.05198816020682  0.12486256652273  0.12486256652273  -0.05260742493182  0.22673951188636  0.22673951165909  -0.02028200470455  0.19339137038636  0.19339137038636  0.04564871150000  0.14663218518409  0.14663218518409  -0.00691266990682  0.23258934318182  0.23258934340909  0.09801517581818  0.25044840122273  0.25044840122500  0.06050212049545
0.26459360938636  0.12567131949545  0.02764097052273  0.21925829243182  -0.06738826943182  0.15773879015909  0.23528643911364  0.29365167143182  0.08238620495455  0.06099427090909  0.37250440629545  0.06651023897045  0.46961474541818  -0.04520628909091  -0.01654214313636  0.10898292740909  0.15886535910000  -0.01566532850909  0.24995950927273  0.20854435711591  -0.00761787272727  0.29772447036591  0.60773846022727  0.00191878940909  0.70423243252273  0.13521368852955  0.00000000000000  0.46775932323409  0.46775932323182  0.19853126993864  0.33046127107727  0.33046127105455  0.11612461836818  0.29118430373864  0.29118430373864  0.10490180485227  0.40919547565455  0.40919547565455  0.06565281351818  0.31282849121364  0.31282849144091  0.16724773330909  0.28974699803636  0.28974699803636  0.07000302805455  0.32376442139318  0.32376442139318  0.01008926769773
0.06122033468409  0.27236883720455  0.19571558109091  -0.01529157411364  0.39279259195455  0.32642243333182  0.11294621440909  0.33803403875000  0.60807441911364  -0.05149721336364  0.80224119836364  0.14955517531750  0.02606592890000  0.29137920261136  0.81367277452273  0.05917419079545  0.10360289569318  0.07098409656818  0.05472536704545  0.52140943424545  0.19289581675000  0.05020930287045  0.60625243988636  0.21163177362273  0.44976625434091  0.12314141266591  0.46775932323409  0.00000000000000  0.26286995174773  0.26286995152045  0.01482805395682  0.23714922897727  0.23714922897727  0.01745163361364  0.65295295636364  0.65295295636364  0.13247901518182  0.66452287668182  0.66452287668182  0.23333169668182  0.70517753514773  0.70517753514773  0.20297754232955  0.23427342140773  0.23427342140795  -0.02230849400045  0.13856674968409  0.13856674968636
0.19231458525000  0.27236883697727  0.19571558086364  0.33905264241364  0.39279259195455  0.32642243308182  0.09010656665909  0.33803403854545  0.60807441911364  0.23631440629545  0.80224119836364  0.14955517536545  0.12674716883864  0.29137920261364  0.81367277452273  0.12506086451591  0.10360289567045  0.07098409654545  0.28394096421136  0.52140943401818  0.19289581675000  0.38191609361364  0.60625243990909  0.21163177362045  0.47125418619318  0.12314141268636  0.46775932323182  0.26286995174773  0.00000000000000  -0.06520554274773  0.16517733198864  0.16517733199091  -0.05611696702273  0.18432504562500  0.18432504562500  -0.04966125923864  0.28196801572727  0.28196801595455  -0.11296696472727  0.14042731362727  0.14042731360682  -0.15620255098409  0.25504936835227  0.25504936828636  0.03035879908182  0.21687294729091  0.21687294729318  0.05522285006591
0.19231458525000  0.17109442431818  0.02784554172727  0.33905264241364  0.02986496281818  0.01407366635455  0.09010656665909  -0.04940965886364  0.05824790775000  0.23631440652273  0.00187295454545  0.05708905295364  0.12674716884091  0.09157838356818  0.14602700411364  0.12506086449091  0.00199658942045  -0.00928115613636  0.28394096421136  0.33821827011818  -0.02932440697727  0.38191609361364  0.40756194511364  0.05861837783182  0.47125418619318  0.05198816020682  0.19853126993864  0.26286995152045  -0.06520554274773  0.00000000000000  0.29127080042955  0.29127080042727  -0.05046232602500  0.68272428927955  0.68272428927955  0.23154036200455  0.50449916593636  0.50449916593636  -0.00822843229091  0.93334222681818  0.93334222681818  0.21105270500000  0.60217680323864  0.60217680323636  0.20527757964773  0.70094484886364  0.70094484886364  0.25492549272727
0.06451186806591  0.18515326002273  0.12467273639773  0.03774214054773  0.32251927172727  0.35526274002273  0.04486396734091  0.38236826470455  0.47704757292955  -0.04742187952273  0.56655447560682  0.12071829005682  0.10788512379318  0.06874893659318  0.40676764190909  0.03611367961136  0.10499750195455  0.99523151477273  0.01492497557500  0.48437454937045  0.29981054369545  0.00539696347727  0.54585493152273  0.16788991015909  0.34213571253409  0.12486256652273  0.33046127107727  0.01482805395682  0.16517733198864  0.29127080042955  0.00000000000000  0.82321365109091  0.82321365109091  0.52027136290909  0.57967900786364  0.57967900786364  0.28400915872727  0.56386381315455  0.56386381292500  0.07567357348182  0.59478524866364  0.59478524866364  0.26572718616364  0.70595936886364  0.70595936931818  0.20680549227273  0.57135191389773  0.57135191391818
0.48324237665227  0.18515325981818  0.12467273639773  0.30513999783432  0.32251927195455  0.35526274002273  0.11115220138636  0.38236826467500  0.47704757293182  0.07646970813636  0.56655447560455  0.12071829005455  0.09342875997727  0.06874893659318  0.40676764190909  0.23816323172500  0.10499750175000  0.99523151477273  0.24627161297727  0.48437454914318  0.29981054369545  0.33011974831818  0.54585493152273  0.16788991015909  0.38707378986432  0.12486256652273  0.33046127105455  0.23714922897727  0.16517733199091  0.29127080042727  0.82321365109091  0.00000000000000  -0.07854418164773  0.63292550402273  0.63292550402273  0.23671642165909  0.13039107365682  0.13039107365455  -0.09400409620909  0.13290921979318  0.13290921979318  -0.05562934284318  0.25547082550000  0.25547082550000  -0.07368056000000  0.18940128720455  0.18940128722727  0.01039931220455
0.48324237687727  -0.00183012950000  0.12514364660227  0.30513999806136  0.14692748586364  0.02583220788636  0.11115220138636  0.15122687040227  -0.03574798029545  0.07646970815909  0.09604669010909  -0.01516295030909  0.09342875997727  -0.02106620867955  0.12296683947727  0.23816323170227  -0.12212893679545  0.66247109340909  0.24627161300000  0.25678713753409  -0.01942698478636  0.33011974786364  0.22695737768182  0.01627500352273  0.38707378988659  -0.05260742493182  0.11612461836818  0.23714922897727  -0.05611696702273  -0.05046232602500  0.82321365109091  -0.07854418164773  0.00000000000000  0.24911263746227  0.24911263746341  0.01759385390159  0.30684258504091  0.30684258504091  0.19060576277727  0.40138426740909  0.40138426761136  0.05784574629545  0.70291017491591  0.70291017491591  0.12950117537045  0.38282891422727  0.38282891425000  0.06537344834091
0.13043317396136  0.22881546529545  0.15147426445455  0.05305082656045  0.42213262979545  0.35982439128409  0.05188705211364  0.47697170563636  0.34036682022727  -0.08683602590909  0.45479132228182  0.11905800053182  0.03760312106818  0.14255073536364  0.77618855252273  0.14730660109318  0.12305282046591  1.17343144475000  0.17201485027273  0.42664609554545  0.21486911136364  0.07406849127273  0.21956370867045  0.21841664645455  0.13811688104523  0.22673951188636  0.29118430373864  0.01745163361364  0.18432504562500  0.68272428927955  0.52027136290909  0.63292550402273  0.24911263746227  0.00000000000000  0.41084665838636  0.41084665838636  0.09749092429545  0.51455758631818  0.51455758627273  0.11401407463636  0.39821168672727  0.39821168672727  0.17395261940909  0.38667482168182  0.38667482190909  0.13611787850000  0.40586889393636  0.40586889393636
0.54510852540909  0.22881546534091  0.15147426445455  0.35368534895773  0.42213262979545  0.35982439128409  0.07633582563636  0.47697170540909  0.34036682022727  0.09796079499545  0.45479132228182  0.11905800052955  0.16888201884091  0.14255073536364  0.77618855252273  0.11443051868182  0.12305282046409  1.17343144472727  0.27209967677955  0.42664609554545  0.21486911134091  0.35616656688864  0.21956370867045  0.21841664645455  0.40570250815909  0.22673951165909  0.29118430373864  0.65295295636364  0.18432504562500  0.68272428927955  0.57967900786364  0.63292550402273  0.24911263746341  0.41084665838636  0.00000000000000  -0.07612924330000  0.34897776613409  0.34897776613409  0.08405806245227  0.34910870620455  0.34910870620455  0.03054262997727  0.95902194630000  0.95902194630227  0.52349678312045  1.03133394388636  1.03133394388636  0.29136234661364
0.54510852518182  0.01336944552273  0.02862777454545  0.35368534895682  -0.05578559497727  0.00698520571591  0.07633582563636  0.08348257050000  0.13985338727273  0.09796079495000  0.03254303990000  0.04676319675682  0.16888201881818  0.06729850586364  0.22031704706818  0.11443051888636  -0.02540303398909  0.37899809884091  0.27209967678182  0.16420982190909  -0.01434674963636  0.35616656688864  0.21548332310227  -0.01444299309091  0.40570250793182  -0.02028200470455  0.10490180485227  0.65295295636364  -0.04966125923864  0.23154036200455  0.57967900786364  0.23671642165909  0.01759385390159  0.41084665838636  -0.07612924330000  0.00000000000000  0.26265521050000  0.26265521050000  0.16439070195455  0.14444981173409  0.14444981173182  0.08251903567727  0.13567066313636  0.13567066315909  -0.02599780079545  0.19063198595455  0.19063198595455  0.00531976527273
0.18634551945455  0.36150207172727  0.14581926436364  0.19379544268000  0.29989141420455  0.27181672379545  -0.02013321677273  0.12022365272727  0.26136786038636  -0.10590153443864  0.79836705204545  0.32284535922045  0.10889403340909  0.08173911695455  0.31998512011818  0.03419921963636  0.09404505963636  0.62390686295455  0.15089707846136  0.37368650700000  0.29382822350000  -0.03311976834318  0.11563669889318  0.47001566922273  0.10116759938636  0.19339137038636  0.40919547565455  0.13247901518182  0.28196801572727  0.50449916593636  0.28400915872727  0.13039107365682  0.30684258504091  0.09749092429545  0.34897776613409  0.26265521050000  0.00000000000000  0.24743390020455  0.24743390020455  0.05672086929545  0.13051516409091  0.13051516406818  0.00041370304545  0.20181278918636  0.20181278916591  -0.06275731284318  0.12833186552045  0.12833186597500
0.51357052990909  0.36150207172727  0.14581926436364  0.35962468320773  0.29989141420455  0.27181672379545  0.18740076263636  0.12022365293182  0.26136786038636  1.32740892772727  0.79836705204545  0.32284535922045  0.12873091451818  0.08173911695455  0.31998512011818  0.37107236792955  0.09404505977273  0.62390686272727  0.30992252108636  0.37368650700227  0.29382822327273  0.39358819452273  0.11563669889091  0.47001566922273  0.47371204679545  0.19339137038636  0.40919547565455  0.66452287668182  0.28196801595455  0.50449916593636  0.56386381315455  0.13039107365455  0.30684258504091  0.51455758631818  0.34897776613409  0.26265521050000  0.24743390020455  0.00000000000000  0.05446556246818  0.21582069027273  0.21582069027273  -0.04871361740909  0.48418603650000  0.48418603650000  0.18427720490909  0.26047489788636  0.26047489788636  0.01702426513636
0.51357052986364  0.13396024577273  0.10835004086364  0.35962468343705  -0.08992591443182  0.16140749620455  0.18740076263636  0.05766552043182  0.06731928747727  1.32740892772727  0.21056381831818  0.12485531433864  0.12873091444545  0.09163874677273  0.00431195752045  0.37107236792727  -0.06982802406818  0.26273547159091  0.30992252108636  0.05711087018636  -0.06494492718182  0.39358819429545  -0.00265308345455  0.26769464931364  0.47371204679545  0.04564871150000  0.06565281351818  0.66452287668182  -0.11296696472727  -0.00822843229091  0.56386381292500  -0.09400409620909  0.19060576277727  0.51455758627273  0.08405806245227  0.16439070195455  0.24743390020455  0.05446556246818  0.00000000000000  0.55072990398409  0.55072990398864  0.22324458137500  0.38244402572727  0.38244402550000  0.20728097213636  0.67317797978182  0.67317797977727  0.47213855073182
0.08660144141136  0.24922866527273  0.16613742206818  0.17480388207409  0.34192924313636  0.24544792779545  0.11450798709091  0.06948382817500  0.38395523913636  0.20483321318182  0.46587820706818  0.15795313468182  0.04583951187955  0.21156018229545  0.53090697797727  0.15423663574545  0.06867564128864  0.66222686670455  0.06550761058864  0.49752495722727  0.26426780706818  0.08321277811364  0.14431812795909  0.33740086020455  0.30023419743182  0.14663218518409  0.31282849121364  0.23333169668182  0.14042731362727  0.93334222681818  0.07567357348182  0.13290921979318  0.40138426740909  0.11401407463636  0.34910870620455  0.14444981173409  0.05672086929545  0.21582069027273  0.55072990398409  0.00000000000000  0.41787302505909  0.41787302506136  0.25433787398409  0.47121901041136  0.47121901064318  0.19987202644773  0.32665349765909  0.32665349765909
0.52977946329091  0.24922866527273  0.16613742204318  0.36330834236364  0.34192924313636  0.24544792779545  0.08589988596591  0.06948382772045  0.38395523915909  0.43893063254545  0.46587820706818  0.15795313490909  0.08521619747727  0.21156018231818  0.53090697818182  0.14017936390909  0.06867564131364  0.66222686670455  0.30151685384091  0.49752495722727  0.26426780729545  0.25768553588636  0.14431812796364  0.33740086020455  0.51249491895455  0.14663218518409  0.31282849144091  0.70517753514773  0.14042731360682  0.93334222681818  0.59478524866364  0.13290921979318  0.40138426761136  0.39821168672727  0.34910870620455  0.14444981173182  0.13051516409091  0.21582069027273  0.55072990398864  0.41787302505909  0.00000000000000  0.29538705270455  0.52824141309091  0.52824141309091  0.08371817454545  0.58169173509091  0.58169173511364  0.02132650479545
0.52977946306136  0.01296923518182  0.04976584127727  0.36330834236364  -0.02310568790909  -0.02306545111364  0.08589988596364  0.08191755481136  -0.03902560856818  0.43893063254545  0.09038921115909  0.08494945677273  0.08521619745455  0.13358934234091  0.07594408684091  0.14017936390909  0.06624034716591  0.22893947579545  0.30151685384091  0.21106780763636  0.06414450077273  0.25768553588818  -0.06795766357727  0.00805666043182  0.51249491895455  -0.00691266990682  0.16724773330909  0.70517753514773  -0.15620255098409  0.21105270500000  0.59478524866364  -0.05562934284318  0.05784574629545  0.39821168672727  0.03054262997727  0.08251903567727  0.13051516406818  -0.04871361740909  0.22324458137500  0.41787302506136  0.29538705270455  0.00000000000000  0.37851626356818  0.37851626356818  0.00597114247727  0.43211123054545  0.43211123077273  0.02219248513636
0.17114302727727  0.36850955443182  0.30433353108864  0.02808798270455  0.40023830786591  0.27686934202727  0.02829323196591  0.11464995053182  0.08202398288864  0.16752370518182  0.72187446697727  0.42120499516818  0.06836766104545  0.10698964843182  0.73139118479545  0.01848906036364  0.08523779828636  0.54167579754545  0.04276197129545  0.52183211070909  0.32618306036364  -0.02738215578955  0.14607771417727  0.56553389270455  0.01037814081818  0.23258934318182  0.28974699803636  0.20297754232955  0.25504936835227  0.60217680323864  0.26572718616364  0.25547082550000  0.70291017491591  0.17395261940909  0.95902194630000  0.13567066313636  0.00041370304545  0.48418603650000  0.38244402572727  0.25433787398409  0.52824141309091  0.37851626356818  0.00000000000000  0.18708654104545  0.18708654104545  0.04271238595455  0.13806006620909  0.13806006620909
0.49791071925000  0.36850955443182  0.30433353088636  0.37574695798864  0.40023830788864  0.27686934202500  0.64547232636364  0.11464995053182  0.08202398289318  0.16958378852273  0.72187446697727  0.42120499516818  0.11838994547727  0.10698964843182  0.73139118522727  0.67022624361364  0.08523779828636  0.54167579754545  0.85099596631818  0.52183211070909  0.32618306038636  0.25994170970909  0.14607771417500  0.56553389270455  0.40738434804545  0.23258934340909  0.28974699803636  0.23427342140773  0.25504936828636  0.60217680323636  0.70595936886364  0.25547082550000  0.70291017491591  0.38667482168182  0.95902194630227  0.13567066315909  0.20181278918636  0.48418603650000  0.38244402550000  0.47121901041136  0.52824141309091  0.37851626356818  0.18708654104545  0.00000000000000  0.00449021259091  0.28092464234091  0.28092464234091  -0.05170669234091
0.49791071922727  -0.00920420584091  -0.02856515750909  0.37574695799091  0.10385153965909  0.09042653529773  0.64547232659091  0.03011949485000  0.02058744019773  0.16958378852273  0.17298411970455  -0.08760077410455  0.11838994545455  0.06094476195455  0.34219297659091  0.67022624361364  -0.00770392818864  0.17898473027273  0.85099596631818  0.20564579661818  0.09048756504545  0.25994170972045  -0.00989358936591  0.29026238911364  0.40738434802273  0.09801517581818  0.07000302805455  0.23427342140795  0.03035879908182  0.20527757964773  0.70595936931818  -0.07368056000000  0.12950117537045  0.38667482190909  0.52349678312045  -0.02599780079545  0.20181278916591  0.18427720490909  0.20728097213636  0.47121901064318  0.08371817454545  0.00597114247727  0.18708654104545  0.00449021259091  0.00000000000000  0.20784394741705  0.20784394739455  -0.01989981944705
0.21886831077273  0.23322494305000  0.15027798717273  0.24314364781591  0.38996893054545  0.27090074300909  0.38036805568182  0.11970624352273  0.09418629975909  0.10768356370455  0.35045049092045  0.22149196243409  -0.03033140436364  0.59806960491364  0.14823947915909  0.16040021270455  0.08721398275000  0.27736813447955  0.49487706563636  0.50834019699318  0.47681541027273  -0.01518896330682  0.19440074902273  0.47163707386364  -0.08587707213636  0.25044840122273  0.32376442139318  -0.02230849400045  0.21687294729091  0.70094484886364  0.20680549227273  0.18940128720455  0.38282891422727  0.13611787850000  1.03133394388636  0.19063198595455  -0.06275731284318  0.26047489788636  0.67317797978182  0.19987202644773  0.58169173509091  0.43211123054545  0.04271238595455  0.28092464234091  0.20784394741705  0.00000000000000  0.13989835545455  0.13989835545455
