0.00000000000000  1.03191771161290  1.03191771161290  0.72035758064516  0.98505048509677  0.98505048509677  0.76221077929032  0.80608045470968  0.80608045470968  0.12773903900000  0.93173135780645  0.93173135783871  0.36964530283871  0.51052031192839  0.51052031192742  -0.20516968321839  0.39165056683871  0.39165056683871  -0.25139902116129  0.35584579325806  0.35584579325806  -0.07049804609677  0.43767961338710  0.43767961338710  -0.26591600177419  0.42757955959032  0.42757955958710  -0.00829656815806  0.25274347927097  0.25274347927097  -0.12270002450323  0.70432937938710  0.70432937935484  0.15185973212903  0.65000916632258  0.65000916629032  0.33233166625806  0.51948525638710  0.51948525648387  -0.01718549793548  0.70854056451613  0.70854056419355  0.22549338741935  0.58139348616129  0.58139348622581  0.13027038148387  1.03810593838710  1.03810593838710
1.03191771161290  0.00000000000000  0.73365805129032  0.73828338638710  0.73828338638710  0.34685973732258  0.84457338370968  0.84457338339032  0.31666303822258  0.40475531009677  0.40475531045161  0.26509756425806  0.51245517751613  0.51245517751613  0.02184261690323  0.46300843440323  0.46300843443548  0.20480302443548  0.36346475664516  0.36346475667742  0.00829417925806  0.24736059574194  0.24736059541935  0.10278754812903  0.35981262309677  0.35981262309677  -0.09712974477419  0.29090229370968  0.29090229338710  -0.10385919512903  0.34109983125806  0.34109983125806  0.30486914745161  0.15989658000000  0.15989657967742  0.00241601741935  0.52291116087097  0.52291116087097  0.16853619545161  0.19576701470968  0.19576701503226  0.08257943206452  0.33343282577419  0.33343282641935  0.10069758219355  0.07787295136774  0.07787295137097  -0.00102411589032
1.03191771161290  0.73365805129032  0.00000000000000  0.50820282380645  0.50820282377419  -0.19042087335484  0.44357699919355  0.44357699919355  -0.05038874145161  0.24234395919355  0.24234395919355  0.13439410887097  0.24413367874194  0.24413367861290  0.13477859754839  0.59090985532258  0.59090985532258  0.32860756629032  0.37660487422581  0.37660487454839  0.09649984293548  0.39688690422581  0.39688690419355  -0.15948969600000  0.25324558680645  0.25324558677419  -0.09389134987097  0.07622147290323  0.07622147687097  -0.17503086112903  0.12437199812903  0.12437199748387  0.04717848516129  0.20481131196774  0.20481131232258  0.15159833087097  -0.07412951706452  -0.07412951741935  0.00249543122581  0.12925763641290  0.12925763605806  0.04649134445806  0.22697120412903  0.22697120480645  0.10315924316129  0.02325081480645  0.02325081509677  0.00574939654839
0.72035758064516  0.73828338638710  0.50820282380645  0.00000000000000  -0.12040944916452  -0.12040944925484  0.03277369403226  0.47490729758064  0.47490729758064  0.36799156209677  0.38984984399032  0.38984984431613  0.13539192445161  0.54147611214258  0.54147611217677  0.01778450475871  0.76313769858065  0.76313769858065  -0.22529940438710  0.42849540929032  0.42849540932258  -0.11411548412903  0.61086608870968  0.61086608870968  -0.01425068354839  0.39366815070968  0.39366815070968  -0.08981878232258  0.51364930496774  0.51364930464516  -0.02746637100000  0.61225017922581  0.61225017954839  0.13698640438710  0.36387164119355  0.36387164122581  0.03251749800000  0.21451122826452  0.21451122826452  0.11396900399355  0.18108888129032  0.18108888096774  0.03238870000000  0.25844529912903  0.25844529880645  0.05596377125806  0.80893470132258  0.80893470125806
0.98505048509677  0.73828338638710  0.50820282377419  -0.12040944916452  0.00000000000000  0.12291382651613  0.66967824454839  0.66967824422581  0.53576716680645  1.14082720348387  1.14082720412903  0.51569726103226  0.81430621967742  0.81430621967742  0.40498480258065  0.63958736761290  0.63958736780645  0.35405664000000  0.79170665041935  0.79170665041935  -0.13026037887097  0.68796432972903  0.68796432940323  0.21130702004839  0.81807907100000  0.81807907132258  0.21858114319355  0.69612004222581  0.69612004254839  0.14820737480645  0.46144190490323  0.46144190458065  -0.03644291780645  0.65392923741935  0.65392923741935  0.06577134967742  0.48168889667742  0.48168889667742  0.32195546054839  0.43634801383871  0.43634801383871  -0.04047704103226  0.63297171432258  0.63297171432258  0.07769056535484  0.56873517170968  0.56873517170968  0.08922067796774
0.98505048509677  0.34685973732258  -0.19042087335484  -0.12040944925484  0.12291382651613  0.00000000000000  0.49983095912903  0.49983095880645  0.09133990093548  0.46504633409677  0.46504633441935  -0.07803390345161  0.29531308638710  0.29531308670968  -0.02356513725806  0.49090577819355  0.49090577819355  0.08491853212903  0.58793764445000  0.58793764477064  0.35224552896355  0.50710953851613  0.50710953851613  0.22672447819355  0.70851000487097  0.70851000451613  0.35077791100000  0.51226171938710  0.51226171948387  0.09168402393548  0.53103672980645  0.53103672990323  -0.02124371145161  0.63607522354839  0.63607522354839  -0.04196770258065  0.29055725128258  0.29055725095871  -0.07668133205419  0.32063254441935  0.32063254412903  -0.03433458193548  0.42097203790323  0.42097203790323  -0.00063537338710  0.24470604993548  0.24470604961290  -0.22651711683871
0.76221077929032  0.84457338370968  0.44357699919355  0.03277369403226  0.66967824454839  0.49983095912903  0.00000000000000  0.32261785212903  0.32261785212903  0.04741131893548  0.32120651421290  0.32120651420968  -0.02052092189355  0.26067097813871  0.26067098107419  -0.10045850300645  0.16397521425806  0.16397521422581  0.23742788461290  1.21538475193548  1.21538475225806  0.51334652645161  1.28166069419355  1.28166069419355  0.86180507419355  0.26184188990323  0.26184188987097  -0.12022423816129  0.20839079645161  0.20839079680645  0.02029014106452  0.14940432461290  0.14940432458065  -0.14506254635484  0.27224158036452  0.27224158040000  -0.06124596227097  0.31505416493548  0.31505416493548  0.04375714474194  0.16839851938710  0.16839851906452  0.25479517751613  0.61130016206452  0.61130016238710  0.05699569367742  0.70772758977419  0.70772758977419
0.80608045470968  0.84457338339032  0.44357699919355  0.47490729758064  0.66967824422581  0.49983095880645  0.32261785212903  0.00000000000000  0.28551762087097  0.60006355501065  0.60006355540839  0.20505410347645  0.51500098832258  0.51500098864516  0.11795206225806  0.14862484966129  0.14862484965484  0.06827829189355  1.15495611938710  1.15495611938710  0.60163831803226  0.44640027325806  0.44640027322581  0.23841268964516  0.63527728325806  0.63527728254839  0.22054843483871  0.30002970967097  0.30002971070645  0.31500105342581  0.36311052916129  0.36311052909677  -0.06482239219355  0.35284521652903  0.35284521645161  0.15515608706774  0.32078713716129  0.32078713712903  0.18426236974194  0.27538288400323  0.27538288429032  0.11241110458387  0.33693531832258  0.33693531835484  0.23950891174194  0.23820687591290  0.23820687655806  0.21003611171935
0.80608045470968  0.31666303822258  -0.05038874145161  0.47490729758064  0.53576716680645  0.09133990093548  0.32261785212903  0.28551762087097  0.00000000000000  0.33156593519355  0.33156593551613  0.26682847719355  0.19420882990645  0.19420883022903  0.07642924068065  0.17462216074194  0.17462216074194  -0.04022750967742  0.08504318469677  0.08504318456774  0.01804994724516  0.22740912712903  0.22740912709677  -0.01685993877419  0.03834308977419  0.03834308977419  0.02678366603226  0.54371365380645  0.54371365409677  -0.04669983341935  0.35748151606452  0.35748151606452  0.16581805251613  0.20803472832258  0.20803472861290  0.12754749064516  0.22211212738710  0.22211212703226  0.26855301325806  0.36028975220000  0.36028975219355  0.18637727995161  0.21513157467742  0.21513157496774  0.29014546112903  0.11634097325639  0.11634097370645  0.00340703502874
0.12773903900000  0.40475531009677  0.24234395919355  0.36799156209677  1.14082720348387  0.46504633409677  0.04741131893548  0.60006355501065  0.33156593519355  0.00000000000000  0.23394161758065  0.23394161725806  0.07480109345161  0.07882883561290  0.07882883590323  0.04884654412903  0.17519638580645  0.17519638551613  -0.03864239516129  0.21420474232258  0.21420474200000  0.07534832406452  0.09561042783871  0.09561042722581  0.15034226706452  0.10623872106452  0.10623872009677  -0.01169655790323  0.15211598622581  0.15211598687097  0.04435135203226  0.16146497070968  0.16146497038710  -0.19434724783871  0.03809514057097  0.03809514050000  0.15341728043871  1.17112720149032  1.17112720149355  0.57843823605516  0.45983844170968  0.45983844170968  0.30831723074194  0.30644531606452  0.30644531606452  0.03250947670968  0.20393718870968  0.20393718903226
0.93173135780645  0.40475531045161  0.24234395919355  0.38984984399032  1.14082720412903  0.46504633441935  0.32120651421290  0.60006355540839  0.33156593551613  0.23394161758065  0.00000000000000  -0.03235003903226  0.30530832296774  0.30530832296774  0.10551417116129  0.36680980409677  0.36680980409677  -0.05362208125806  0.19718521777419  0.19718521777419  0.30120780448387  0.90423201200000  0.90423201200000  0.16123070445161  0.79972479503226  0.79972479503226  0.44152277541935  0.81579501987097  0.81579501987097  0.32066794567742  0.53217421774194  0.53217421774194  0.18487295451613  0.25073574177419  0.25073574151613  0.25327879412903  0.66375744380645  0.66375744383871  0.39978039374194  0.14852728565161  0.14852728565161  0.12756888886129  0.58683481022581  0.58683480990323  0.09477937461290  -0.04650163583871  -0.04650163516129  0.11595697445161
0.93173135783871  0.26509756425806  0.13439410887097  0.38984984431613  0.51569726103226  -0.07803390345161  0.32120651420968  0.20505410347645  0.26682847719355  0.23394161725806  -0.03235003903226  0.00000000000000  0.71203505138710  0.71203505138710  0.47146361206452  0.46352078247097  0.46352078243871  0.10854047756452  0.17301379361290  0.17301379361290  0.18277439616129  0.10691227925806  0.10691227919355  0.06206833635484  0.21320157064516  0.21320157064516  -0.11325073325806  0.07291576832258  0.07291576812903  0.11594433161290  0.30932929312903  0.30932929330323  0.14347325073548  0.16078026253871  0.16078026247097  0.12654723756129  0.28466193074194  0.28466193074194  0.02198733383871  0.09533985720000  0.09533985729355  0.03665991028065  0.40033034712903  0.40033034712903  0.34274287029032  0.08812536541935  0.08812536519355  0.07473860722581
0.36964530283871  0.51245517751613  0.24413367874194  0.13539192445161  0.81430621967742  0.29531308638710  -0.02052092189355  0.51500098832258  0.19420882990645  0.07480109345161  0.30530832296774  0.71203505138710  0.00000000000000  0.50854765977419  0.50854765977419  0.41849388051613  0.41928693916129  0.41928693916129  0.19297433567742  0.24881209641935  0.24881209674194  0.02119901287097  0.17066825967742  0.17066826032258  0.06257310032258  0.36071056922903  0.36071056923226  0.22775789296452  0.30530658477419  0.30530658806452  -0.05424089680645  0.34182264206452  0.34182264193548  0.07240743858065  0.28154380903226  0.28154380903226  0.03290752580645  0.14105348290323  0.14105348393548  0.04452076993548  0.19423104703226  0.19423104693548  -0.02526633964516  0.19293742583871  0.19293742601290  -0.13991614438387  0.03891284900000  0.03891284841935
0.51052031192839  0.51245517751613  0.24413367861290  0.54147611214258  0.81430621967742  0.29531308670968  0.26067097813871  0.51500098864516  0.19420883022903  0.07882883561290  0.30530832296774  0.71203505138710  0.50854765977419  0.00000000000000  0.23114486870968  0.16296550638710  0.16296550596774  0.06160992767742  0.24296628070968  0.24296628138710  0.07219369393548  0.17856200096774  0.17856200096774  0.20511646419355  -0.01950590209677  -0.01950590219355  0.15379355351613  0.34086532067742  0.34086532067742  0.09179288093548  0.26853636477419  0.26853636477419  -0.08077177893548  0.18250690070968  0.18250690070968  0.05821300767742  0.30575796759355  0.30575796759355  0.16154267079355  0.39475885974194  0.39475885974194  0.11109401316129  0.23350203841935  0.23350203809677  0.18062721261290  0.74656111089032  0.74656111088710  0.41198977411613
0.51052031192742  0.02184261690323  0.13477859754839  0.54147611217677  0.40498480258065  -0.02356513725806  0.26067098107419  0.11795206225806  0.07642924068065  0.07882883590323  0.10551417116129  0.47146361206452  0.50854765977419  0.23114486870968  0.00000000000000  0.66543376290323  0.66543376296774  0.52039919596774  0.79893438974194  0.79893438974194  0.20236302329032  0.55070237329032  0.55070237329032  0.32279425845161  0.40436907254839  0.40436907254839  0.13477943061290  0.95367027354839  0.95367027290323  0.39922844580645  0.36345783693226  0.36345783697419  -0.04609448486774  0.87822561418387  0.87822561385806  -0.12883266936774  0.12138141250968  0.12138141318710  0.03360022719032  0.44702278235484  0.44702278235484  0.14202201329032  0.69147178083871  0.69147178074194  0.35877607687097  0.29010002045161  0.29010002048387  0.27445152909677
-0.20516968321839  0.46300843440323  0.59090985532258  0.01778450475871  0.63958736761290  0.49090577819355  -0.10045850300645  0.14862484966129  0.17462216074194  0.04884654412903  0.36680980409677  0.46352078247097  0.41849388051613  0.16296550638710  0.66543376290323  0.00000000000000  0.35366484690323  0.35366484700000  0.02642480332258  0.20806589609677  0.20806589609677  0.13501391351613  0.06321221920968  0.06321221930645  0.18053506737097  0.25872497174194  0.25872497206452  0.12679441851613  0.04230093105484  0.04230093069677  0.16765255611935  0.40610219287097  0.40610219290323  0.15531784709677  0.08333718580645  0.08333718580645  0.09841757000000  0.40081978222581  0.40081978190323  0.22607140809677  0.11265499741935  0.11265499774194  0.01173953387097  0.62575512835484  0.62575512867742  0.01997609674194  0.45760252164516  0.45760252196774
0.39165056683871  0.46300843443548  0.59090985532258  0.76313769858065  0.63958736780645  0.49090577819355  0.16397521425806  0.14862484965484  0.17462216074194  0.17519638580645  0.36680980409677  0.46352078243871  0.41928693916129  0.16296550596774  0.66543376296774  0.35366484690323  0.00000000000000  0.08035071009677  0.35829876535484  0.35829876522581  0.28423113932258  0.26694980853226  0.26694980874516  -0.02939053568387  0.65542770796774  0.65542770796774  0.00863340661290  0.23480369239677  0.23480369239032  0.32657441439677  0.22179885350968  0.22179885323548  -0.13894090830968  0.16298556119355  0.16298556125806  -0.09435036106452  -0.09810776177419  -0.09810776112903  -0.07142114274194  0.04108921996774  0.04108921996774  -0.09224652225806  0.10416199896774  0.10416199900000  -0.03011722635484  -0.03183495255484  -0.03183495352903  0.03116584779355
0.39165056683871  0.20480302443548  0.32860756629032  0.76313769858065  0.35405664000000  0.08491853212903  0.16397521422581  0.06827829189355  -0.04022750967742  0.17519638551613  -0.05362208125806  0.10854047756452  0.41928693916129  0.06160992767742  0.52039919596774  0.35366484700000  0.08035071009677  0.00000000000000  0.01780523103226  0.01780523103226  -0.01367622864516  0.39490012277419  0.39490012341935  0.11736537916129  0.10544670143548  0.10544670140323  -0.12965765570645  0.04277506025806  0.04277506012903  0.21777237761290  1.19875471035484  1.19875471067742  0.61018921790323  1.32924585806452  1.32924586129032  0.66091861612903  0.81909963838710  0.81909963838710  0.39261589838710  0.95191326216129  0.95191326222581  0.32175965277419  0.76800733941935  0.76800733941935  0.30565472845161  0.51779596100000  0.51779596100000  0.01955323067742
-0.25139902116129  0.36346475664516  0.37660487422581  -0.22529940438710  0.79170665041935  0.58793764445000  0.23742788461290  1.15495611938710  0.08504318469677  -0.03864239516129  0.19718521777419  0.17301379361290  0.19297433567742  0.24296628070968  0.79893438974194  0.02642480332258  0.35829876535484  0.01780523103226  0.00000000000000  0.33522823054839  0.33522823054839  0.19137256312903  0.23781919500000  0.23781919535484  0.16084863832258  0.39724894703226  0.39724894706452  0.20458005919355  0.63011059894452  0.63011059927032  -0.02954427957000  0.36539693387097  0.36539693387097  0.17786822070968  0.55233958280645  0.55233958280645  -0.23115307622581  0.57637420532258  0.57637420535484  -0.21500100587097  0.33661880729032  0.33661880696774  0.07634290916129  1.19958952096774  1.19958952096774  0.66052320935484  0.93018252419355  0.93018252419355
0.35584579325806  0.36346475667742  0.37660487454839  0.42849540929032  0.79170665041935  0.58793764477064  1.21538475193548  1.15495611938710  0.08504318456774  0.21420474232258  0.19718521777419  0.17301379361290  0.24881209641935  0.24296628138710  0.79893438974194  0.20806589609677  0.35829876522581  0.01780523103226  0.33522823054839  0.00000000000000  0.01809500451613  0.86731524796774  0.86731524764516  0.24937589441935  0.78134474935484  0.78134474967742  -0.21409810258065  0.72563100619355  0.72563100619355  0.27834179103226  0.65964765200000  0.65964765196774  0.15242896996774  0.65663313606452  0.65663313609677  0.02657231480645  0.55504557109677  0.55504557045161  0.11043934464516  0.78446159529032  0.78446159561290  0.26646649787097  0.65162151383871  0.65162151345161  0.23101267096774  0.72869684591290  0.72869684568387  0.32781074829032
0.35584579325806  0.00829417925806  0.09649984293548  0.42849540932258  -0.13026037887097  0.35224552896355  1.21538475225806  0.60163831803226  0.01804994724516  0.21420474200000  0.30120780448387  0.18277439616129  0.24881209674194  0.07219369393548  0.20236302329032  0.20806589609677  0.28423113932258  -0.01367622864516  0.33522823054839  0.01809500451613  0.00000000000000  0.54807306735484  0.54807306732258  0.00287217716129  0.37246820148387  0.37246820180645  0.19982717138710  0.48991449600000  0.48991449632258  -0.01005020600000  0.32703243978065  0.32703243978065  0.14862257539355  0.23329789293548  0.23329789290323  0.02805498441935  0.62150201432258  0.62150201400000  -0.32919688116129  0.56302927119355  0.56302927119355  0.14475272925806  0.71887241322581  0.71887241387097  -0.01370115967742  0.75359926539032  0.75359926538710  0.21313441990323
-0.07049804609677  0.24736059574194  0.39688690422581  -0.11411548412903  0.68796432972903  0.50710953851613  0.51334652645161  0.44640027325806  0.22740912712903  0.07534832406452  0.90423201200000  0.10691227925806  0.02119901287097  0.17856200096774  0.55070237329032  0.13501391351613  0.26694980853226  0.39490012277419  0.19137256312903  0.86731524796774  0.54807306735484  0.00000000000000  0.43810901280645  0.43810901280645  0.21513706538710  0.37886173190323  0.37886173190323  -0.15268915312903  0.51987352396774  0.51987352458065  0.02594881900000  0.35435988009677  0.35435988038710  0.19836917935484  0.41236818606452  0.41236818600000  -0.19533729232258  0.43321400797742  0.43321400798065  -0.10456376733548  0.36358324974194  0.36358324974194  -0.17326638038710  0.12309485629032  0.12309485632258  0.12506049070968  1.45804992945903  1.45804992945839
0.43767961338710  0.24736059541935  0.39688690419355  0.61086608870968  0.68796432940323  0.50710953851613  1.28166069419355  0.44640027322581  0.22740912709677  0.09561042783871  0.90423201200000  0.10691227919355  0.17066825967742  0.17856200096774  0.55070237329032  0.06321221920968  0.26694980874516  0.39490012341935  0.23781919500000  0.86731524764516  0.54807306732258  0.43810901280645  0.00000000000000  0.68488676107226  0.97592965414061  0.97592965414065  0.67283166446332  0.84475419196774  0.84475419196774  0.34879372777419  0.86522657612903  0.86522657580645  0.69243097903226  0.29535300061290  0.29535300061290  -0.02416883035484  0.24703116622581  0.24703116622581  0.10310719377419  0.24702728549677  0.24702728584516  -0.04818091110968  0.27848620006452  0.27848620006452  -0.35199719222581  0.35904382222258  0.35904382229032  0.01378985327097
0.43767961338710  0.10278754812903  -0.15948969600000  0.61086608870968  0.21130702004839  0.22672447819355  1.28166069419355  0.23841268964516  -0.01685993877419  0.09561042722581  0.16123070445161  0.06206833635484  0.17066826032258  0.20511646419355  0.32279425845161  0.06321221930645  -0.02939053568387  0.11736537916129  0.23781919535484  0.24937589441935  0.00287217716129  0.43810901280645  0.68488676107226  0.00000000000000  0.21169508116129  0.21169508116129  -0.06610693412903  0.40389724100000  0.40389724132258  -0.02539701977419  0.40367506480968  0.40367506448387  -0.02123927254839  0.29804149483871  0.29804149519355  -0.00449078941935  0.80934080529032  0.80934080529032  0.00035147406452  0.68807819612903  0.68807819612903  0.20505529161290  0.74860334483871  0.74860334483871  0.31448759064516  0.69400799210000  0.69400799240968  0.07974216698065
-0.26591600177419  0.35981262309677  0.25324558680645  -0.01425068354839  0.81807907100000  0.70851000487097  0.86180507419355  0.63527728325806  0.03834308977419  0.15034226706452  0.79972479503226  0.21320157064516  0.06257310032258  -0.01950590209677  0.40436907254839  0.18053506737097  0.65542770796774  0.10544670143548  0.16084863832258  0.78134474935484  0.37246820148387  0.21513706538710  0.97592965414061  0.21169508116129  0.00000000000000  1.04223167225806  1.04223167225806  1.08551578709677  0.86609676464516  0.86609676496774  0.46596535364516  0.73571082700000  0.73571082700000  0.28280368203226  0.56401837812903  0.56401837780645  0.13938098580645  0.67667720341935  0.67667720664516  0.26297283116129  0.67634121535484  0.67634121535484  0.05551127212903  0.64351275313226  0.64351275378064  0.12469618597419  0.67322761607742  0.67322761640000
0.42757955959032  0.35981262309677  0.25324558677419  0.39366815070968  0.81807907132258  0.70851000451613  0.26184188990323  0.63527728254839  0.03834308977419  0.10623872106452  0.79972479503226  0.21320157064516  0.36071056922903  -0.01950590219355  0.40436907254839  0.25872497174194  0.65542770796774  0.10544670140323  0.39724894703226  0.78134474967742  0.37246820180645  0.37886173190323  0.97592965414065  0.21169508116129  1.04223167225806  0.00000000000000  -0.21548984137419  0.23948738112903  0.23948738112903  0.14961274538710  0.31131477677419  0.31131477674194  -0.07915094787097  0.24413221603226  0.24413221641935  -0.12898454874194  0.16900845335484  0.16900845400000  -0.01292238625806  0.61769306612903  0.61769306580645  -0.24782487774194  0.34513162125484  0.34513162141290  -0.08591008439677  0.54119162519355  0.54119162551613  0.10653538251613
0.42757955958710  -0.09712974477419  -0.09389134987097  0.39366815070968  0.21858114319355  0.35077791100000  0.26184188987097  0.22054843483871  0.02678366603226  0.10623872009677  0.44152277541935  -0.11325073325806  0.36071056923226  0.15379355351613  0.13477943061290  0.25872497206452  0.00863340661290  -0.12965765570645  0.39724894706452  -0.21409810258065  0.19982717138710  0.37886173190323  0.67283166446332  -0.06610693412903  1.04223167225806  -0.21548984137419  0.00000000000000  0.76364878180645  0.76364878180645  0.10433585051613  0.40332228470968  0.40332228470968  0.05400931329032  0.46082250567742  0.46082250535484  -0.21685237838710  0.56953243480323  0.56953243509032  -0.06370770068387  0.37044309816032  0.37044309751548  -0.06641362922484  0.34796624183226  0.34796624121935  0.01807418584516  0.34851811238710  0.34851811280645  0.13199523461290
-0.00829656815806  0.29090229370968  0.07622147290323  -0.08981878232258  0.69612004222581  0.51226171938710  -0.12022423816129  0.30002970967097  0.54371365380645  -0.01169655790323  0.81579501987097  0.07291576832258  0.22775789296452  0.34086532067742  0.95367027354839  0.12679441851613  0.23480369239677  0.04277506025806  0.20458005919355  0.72563100619355  0.48991449600000  -0.15268915312903  0.84475419196774  0.40389724100000  1.08551578709677  0.23948738112903  0.76364878180645  0.00000000000000  0.37942340422581  0.37942340393548  -0.15065633122581  0.18464798405484  0.18464798373226  -0.04715050630000  0.93905620287097  0.93905620287097  0.46440169190323  1.01859307451613  1.01859307774194  0.88260985296774  1.11822620009677  1.11822620009677  0.71307627809677  0.25994498483871  0.25994498483226  0.31453691231613  0.11230178338710  0.11230178338710
0.25274347927097  0.29090229338710  0.07622147687097  0.51364930496774  0.69612004254839  0.51226171948387  0.20839079645161  0.30002971070645  0.54371365409677  0.15211598622581  0.81579501987097  0.07291576812903  0.30530658477419  0.34086532067742  0.95367027290323  0.04230093105484  0.23480369239032  0.04277506012903  0.63011059894452  0.72563100619355  0.48991449632258  0.51987352396774  0.84475419196774  0.40389724132258  0.86609676464516  0.23948738112903  0.76364878180645  0.37942340422581  0.00000000000000  0.21311551758065  0.15598975629032  0.15598975629032  0.06164838112903  0.27399174580645  0.27399174548387  -0.14198667161290  0.48296449122581  0.48296449100000  0.00733384835484  0.24778895996774  0.24778895964516  0.00045619454839  0.57150096629032  0.57150096596774  0.06487772467742  0.47449911337419  0.47449911333871  0.11483651843548
0.25274347927097  -0.10385919512903  -0.17503086112903  0.51364930464516  0.14820737480645  0.09168402393548  0.20839079680645  0.31500105342581  -0.04669983341935  0.15211598687097  0.32066794567742  0.11594433161290  0.30530658806452  0.09179288093548  0.39922844580645  0.04230093069677  0.32657441439677  0.21777237761290  0.63011059927032  0.27834179103226  -0.01005020600000  0.51987352458065  0.34879372777419  -0.02539701977419  0.86609676496774  0.14961274538710  0.10433585051613  0.37942340393548  0.21311551758065  0.00000000000000  0.46733158258065  0.46733158290323  0.06213803645161  0.83468340583871  0.83468340583871  0.03019043551613  0.80580160725806  0.80580160729032  0.19264483654839  1.11154933935484  1.11154933935484  0.16709402322581  0.85973702451613  0.85973702483871  -0.16194239838710  1.02598161363671  1.02598161396148  0.41909595460542
-0.12270002450323  0.34109983125806  0.12437199812903  -0.02746637100000  0.46144190490323  0.53103672980645  0.02029014106452  0.36311052916129  0.35748151606452  0.04435135203226  0.53217421774194  0.30932929312903  -0.05424089680645  0.26853636477419  0.36345783693226  0.16765255611935  0.22179885350968  1.19875471035484  -0.02954427957000  0.65964765200000  0.32703243978065  0.02594881900000  0.86522657612903  0.40367506480968  0.46596535364516  0.31131477677419  0.40332228470968  -0.15065633122581  0.15598975629032  0.46733158258065  0.00000000000000  1.15037097832258  1.15037097832258  0.39956565961290  0.83243180232258  0.83243180232258  0.48229799919355  0.71546349161290  0.71546349096774  -0.05409807451613  0.92524893273871  0.92524893277419  0.77280309703548  0.95313431058065  0.95313431090323  0.70421372638710  0.73864998674839  0.73864998682903
0.70432937938710  0.34109983125806  0.12437199748387  0.61225017922581  0.46144190458065  0.53103672990323  0.14940432461290  0.36311052909677  0.35748151606452  0.16146497070968  0.53217421774194  0.30932929330323  0.34182264206452  0.26853636477419  0.36345783697419  0.40610219287097  0.22179885323548  1.19875471067742  0.36539693387097  0.65964765196774  0.32703243978065  0.35435988009677  0.86522657580645  0.40367506448387  0.73571082700000  0.31131477674194  0.40332228470968  0.18464798405484  0.15598975629032  0.46733158290323  1.15037097832258  0.00000000000000  0.11045386549677  0.81459643990323  0.81459644029032  -0.07209159132258  0.25204094579032  0.25204094578387  -0.01886905546774  0.45297811709677  0.45297811706452  -0.08226755229032  0.38417113393548  0.38417113400000  0.01785653490323  0.28015833219355  0.28015833541935  -0.12028579767742
0.70432937935484  0.30486914745161  0.04717848516129  0.61225017954839  -0.03644291780645  -0.02124371145161  0.14940432458065  -0.06482239219355  0.16581805251613  0.16146497038710  0.18487295451613  0.14347325073548  0.34182264193548  -0.08077177893548  -0.04609448486774  0.40610219290323  -0.13894090830968  0.61018921790323  0.36539693387097  0.15242896996774  0.14862257539355  0.35435988038710  0.69243097903226  -0.02123927254839  0.73571082700000  -0.07915094787097  0.05400931329032  0.18464798373226  0.06164838112903  0.06213803645161  1.15037097832258  0.11045386549677  0.00000000000000  0.62242257225806  0.62242257225806  -0.03510301870968  0.45963880838710  0.45963880870968  0.06911631709677  0.68147945580645  0.68147945548387  -0.19339450451613  1.05527204916129  1.05527204912903  0.11811443816129  0.64496138474194  0.64496138193548  -0.14280621625806
0.15185973212903  0.15989658000000  0.20481131196774  0.13698640438710  0.65392923741935  0.63607522354839  -0.14506254635484  0.35284521652903  0.20803472832258  -0.19434724783871  0.25073574177419  0.16078026253871  0.07240743858065  0.18250690070968  0.87822561418387  0.15531784709677  0.16298556119355  1.32924585806452  0.17786822070968  0.65663313606452  0.23329789293548  0.19836917935484  0.29535300061290  0.29804149483871  0.28280368203226  0.24413221603226  0.46082250567742  -0.04715050630000  0.27399174580645  0.83468340583871  0.39956565961290  0.81459643990323  0.62242257225806  0.00000000000000  0.57252998964516  0.57252998958065  0.06477196419355  0.69257440477419  0.69257440509677  0.02246543438710  0.51982221000000  0.51982220993548  -0.07616144074194  0.50160337452194  0.50160337421097  -0.08355203094710  0.53896905032258  0.53896905032258
0.65000916632258  0.15989657967742  0.20481131232258  0.36387164119355  0.65392923741935  0.63607522354839  0.27224158036452  0.35284521645161  0.20803472861290  0.03809514057097  0.25073574151613  0.16078026247097  0.28154380903226  0.18250690070968  0.87822561385806  0.08333718580645  0.16298556125806  1.32924586129032  0.55233958280645  0.65663313609677  0.23329789290323  0.41236818606452  0.29535300061290  0.29804149519355  0.56401837812903  0.24413221641935  0.46082250535484  0.93905620287097  0.27399174548387  0.83468340583871  0.83243180232258  0.81459644029032  0.62242257225806  0.57252998964516  0.00000000000000  0.03588723387097  0.58356008780645  0.58356008780645  -0.10783872683871  0.32187134551613  0.32187134554839  -0.06118980896774  1.18199747193548  1.18199747225806  0.58149134774194  1.30521591632258  1.30521591632258  1.18638980000000
0.65000916629032  0.00241601741935  0.15159833087097  0.36387164122581  0.06577134967742  -0.04196770258065  0.27224158040000  0.15515608706774  0.12754749064516  0.03809514050000  0.25327879412903  0.12654723756129  0.28154380903226  0.05821300767742  -0.12883266936774  0.08333718580645  -0.09435036106452  0.66091861612903  0.55233958280645  0.02657231480645  0.02805498441935  0.41236818600000  -0.02416883035484  -0.00449078941935  0.56401837780645  -0.12898454874194  -0.21685237838710  0.93905620287097  -0.14198667161290  0.03019043551613  0.83243180232258  -0.07209159132258  -0.03510301870968  0.57252998958065  0.03588723387097  0.00000000000000  0.39674682716129  0.39674682716129  0.10830861077419  0.29711832096774  0.29711832093548  0.17512725448387  0.23416711361290  0.23416711403226  0.00633493261290  0.30824641774194  0.30824641741935  -0.03614731322581
0.33233166625806  0.52291116087097  -0.07412951706452  0.03251749800000  0.48168889667742  0.29055725128258  -0.06124596227097  0.32078713716129  0.22211212738710  0.15341728043871  0.66375744380645  0.28466193074194  0.03290752580645  0.30575796759355  0.12138141250968  0.09841757000000  -0.09810776177419  0.81909963838710  -0.23115307622581  0.55504557109677  0.62150201432258  -0.19533729232258  0.24703116622581  0.80934080529032  0.13938098580645  0.16900845335484  0.56953243480323  0.46440169190323  0.48296449122581  0.80580160725806  0.48229799919355  0.25204094579032  0.45963880838710  0.06477196419355  0.58356008780645  0.39674682716129  0.00000000000000  0.44075148455806  0.44075148456129  -0.02490916511613  0.17301558232258  0.17301558206452  0.14748703438710  0.21086721387097  0.21086721387097  0.00161109290323  0.42324050383871  0.42324050351613
0.51948525638710  0.52291116087097  -0.07412951741935  0.21451122826452  0.48168889667742  0.29055725095871  0.31505416493548  0.32078713712903  0.22211212703226  1.17112720149032  0.66375744383871  0.28466193074194  0.14105348290323  0.30575796759355  0.12138141318710  0.40081978222581  -0.09810776112903  0.81909963838710  0.57637420532258  0.55504557045161  0.62150201400000  0.43321400797742  0.24703116622581  0.80934080529032  0.67667720341935  0.16900845400000  0.56953243509032  1.01859307451613  0.48296449100000  0.80580160729032  0.71546349161290  0.25204094578387  0.45963880870968  0.69257440477419  0.58356008780645  0.39674682716129  0.44075148455806  0.00000000000000  0.15228386016129  0.21032780761290  0.21032780825806  -0.17928318890323  0.73266398141935  0.73266398141935  0.02221017793548  0.66994585000000  0.66994585000000  0.20185987096774
0.51948525648387  0.16853619545161  0.00249543122581  0.21451122826452  0.32195546054839  -0.07668133205419  0.31505416493548  0.18426236974194  0.26855301325806  1.17112720149355  0.39978039374194  0.02198733383871  0.14105348393548  0.16154267079355  0.03360022719032  0.40081978190323  -0.07142114274194  0.39261589838710  0.57637420535484  0.11043934464516  -0.32919688116129  0.43321400798065  0.10310719377419  0.00035147406452  0.67667720664516  -0.01292238625806  -0.06370770068387  1.01859307774194  0.00733384835484  0.19264483654839  0.71546349096774  -0.01886905546774  0.06911631709677  0.69257440509677  -0.10783872683871  0.10830861077419  0.44075148456129  0.15228386016129  0.00000000000000  0.76451826593548  0.76451826593548  0.06025853303226  0.64549384638710  0.64549384703226  -0.00627706554839  0.92202356512903  0.92202356512903  0.70589009358065
-0.01718549793548  0.19576701470968  0.12925763641290  0.11396900399355  0.43634801383871  0.32063254441935  0.04375714474194  0.27538288400323  0.36028975220000  0.57843823605516  0.14852728565161  0.09533985720000  0.04452076993548  0.39475885974194  0.44702278235484  0.22607140809677  0.04108921996774  0.95191326216129  -0.21500100587097  0.78446159529032  0.56302927119355  -0.10456376733548  0.24702728549677  0.68807819612903  0.26297283116129  0.61769306612903  0.37044309816032  0.88260985296774  0.24778895996774  1.11154933935484  -0.05409807451613  0.45297811709677  0.68147945580645  0.02246543438710  0.32187134551613  0.29711832096774  -0.02490916511613  0.21032780761290  0.76451826593548  0.00000000000000  0.74321048290323  0.74321048322581  0.64558031677419  0.93211031745161  0.93211031809677  0.56721064067742  0.77296125751613  0.77296125654839
0.70854056451613  0.19576701503226  0.12925763605806  0.18108888129032  0.43634801383871  0.32063254412903  0.16839851938710  0.27538288429032  0.36028975219355  0.45983844170968  0.14852728565161  0.09533985729355  0.19423104703226  0.39475885974194  0.44702278235484  0.11265499741935  0.04108921996774  0.95191326222581  0.33661880729032  0.78446159561290  0.56302927119355  0.36358324974194  0.24702728584516  0.68807819612903  0.67634121535484  0.61769306580645  0.37044309751548  1.11822620009677  0.24778895964516  1.11154933935484  0.92524893273871  0.45297811706452  0.68147945548387  0.51982221000000  0.32187134554839  0.29711832093548  0.17301558232258  0.21032780825806  0.76451826593548  0.74321048290323  0.00000000000000  0.39385058041935  0.76767044225806  0.76767044258065  0.46486881032258  0.95874740474194  0.95874740474194  0.22577670277419
0.70854056419355  0.08257943206452  0.04649134445806  0.18108888096774  -0.04047704103226  -0.03433458193548  0.16839851906452  0.11241110458387  0.18637727995161  0.45983844170968  0.12756888886129  0.03665991028065  0.19423104693548  0.11109401316129  0.14202201329032  0.11265499774194  -0.09224652225806  0.32175965277419  0.33661880696774  0.26646649787097  0.14475272925806  0.36358324974194  -0.04818091110968  0.20505529161290  0.67634121535484  -0.24782487774194  -0.06641362922484  1.11822620009677  0.00045619454839  0.16709402322581  0.92524893277419  -0.08226755229032  -0.19339450451613  0.51982220993548  -0.06118980896774  0.17512725448387  0.17301558206452  -0.17928318890323  0.06025853303226  0.74321048322581  0.39385058041935  0.00000000000000  0.74948172174194  0.74948172203226  0.07961810783871  0.72074787903226  0.72074787935484  -0.10660546935484
0.22549338741935  0.33343282577419  0.22697120412903  0.03238870000000  0.63297171432258  0.42097203790323  0.25479517751613  0.33693531832258  0.21513157467742  0.30831723074194  0.58683481022581  0.40033034712903  -0.02526633964516  0.23350203841935  0.69147178083871  0.01173953387097  0.10416199896774  0.76800733941935  0.07634290916129  0.65162151383871  0.71887241322581  -0.17326638038710  0.27848620006452  0.74860334483871  0.05551127212903  0.34513162125484  0.34796624183226  0.71307627809677  0.57150096629032  0.85973702451613  0.77280309703548  0.38417113393548  1.05527204916129  -0.07616144074194  1.18199747193548  0.23416711361290  0.14748703438710  0.73266398141935  0.64549384638710  0.64558031677419  0.76767044225806  0.74948172174194  0.00000000000000  0.20439158104194  0.20439158104194  0.07495863966774  0.41059826438710  0.41059826435484
0.58139348616129  0.33343282641935  0.22697120480645  0.25844529912903  0.63297171432258  0.42097203790323  0.61130016206452  0.33693531835484  0.21513157496774  0.30644531606452  0.58683480990323  0.40033034712903  0.19293742583871  0.23350203809677  0.69147178074194  0.62575512835484  0.10416199900000  0.76800733941935  1.19958952096774  0.65162151345161  0.71887241387097  0.12309485629032  0.27848620006452  0.74860334483871  0.64351275313226  0.34513162141290  0.34796624121935  0.25994498483871  0.57150096596774  0.85973702483871  0.95313431058065  0.38417113400000  1.05527204912903  0.50160337452194  1.18199747225806  0.23416711403226  0.21086721387097  0.73266398141935  0.64549384703226  0.93211031745161  0.76767044258065  0.74948172203226  0.20439158104194  0.00000000000000  0.10488720300000  0.15460095261290  0.15460095293548  -0.16970993777419
0.58139348622581  0.10069758219355  0.10315924316129  0.25844529880645  0.07769056535484  -0.00063537338710  0.61130016238710  0.23950891174194  0.29014546112903  0.30644531606452  0.09477937461290  0.34274287029032  0.19293742601290  0.18062721261290  0.35877607687097  0.62575512867742  -0.03011722635484  0.30565472845161  1.19958952096774  0.23101267096774  -0.01370115967742  0.12309485632258  -0.35199719222581  0.31448759064516  0.64351275378064  -0.08591008439677  0.01807418584516  0.25994498483226  0.06487772467742  -0.16194239838710  0.95313431090323  0.01785653490323  0.11811443816129  0.50160337421097  0.58149134774194  0.00633493261290  0.21086721387097  0.02221017793548  -0.00627706554839  0.93211031809677  0.46486881032258  0.07961810783871  0.20439158104194  0.10488720300000  0.00000000000000  0.18300432587097  0.18300432587097  -0.11192356670968
0.13027038148387  0.07787295136774  0.02325081480645  0.05596377125806  0.56873517170968  0.24470604993548  0.05699569367742  0.23820687591290  0.11634097325639  0.03250947670968  -0.04650163583871  0.08812536541935  -0.13991614438387  0.74656111089032  0.29010002045161  0.01997609674194  -0.03183495255484  0.51779596100000  0.66052320935484  0.72869684591290  0.75359926539032  0.12506049070968  0.35904382222258  0.69400799210000  0.12469618597419  0.54119162519355  0.34851811238710  0.31453691231613  0.47449911337419  1.02598161363671  0.70421372638710  0.28015833219355  0.64496138474194  -0.08355203094710  1.30521591632258  0.30824641774194  0.00161109290323  0.66994585000000  0.92202356512903  0.56721064067742  0.95874740474194  0.72074787903226  0.07495863966774  0.15460095261290  0.18300432587097  0.00000000000000  0.47824719929032  0.47824719993548
