0.00000000000000  0.97608679051613  0.97608679083871  0.53654113083871  0.92843601225806  0.92843601225806  0.56057605161290  0.63203833396774  0.63203833396774  0.05468965487097  0.61372254464516  0.61372254464516  0.29748545335484  0.42021978453871  0.42021978454194  -0.01031221481290  0.21934850896774  0.21934850896774  -0.07213948412903  0.29058171913226  0.29058171913548  -0.07184574725806  0.21646220535484  0.21646220535484  -0.05692161883871  0.24584983495806  0.24584983496129  -0.01973780498710  0.20448954396774  0.20448954400000  -0.06542379412903  0.42213872180000  0.42213872180000  0.07372039144516  0.45564224877116  0.45564224844845  0.13787503401929  0.39717384693548  0.39717384693548  0.03182096629032  0.45687275776129  0.45687275747097  0.14426327984839  0.43234805861290  0.43234805858065  -0.07260107787097  1.10188439303226  1.10188439270968
0.97608679051613  0.00000000000000  0.76293008293548  0.56546267443871  0.56546267508710  0.25471287717419  0.67856456080645  0.67856456080645  0.21740515274194  0.44372727067742  0.44372727100000  0.17052584603226  0.38725278267742  0.38725278232258  0.05050183374194  0.47744510385161  0.47744510385161  0.07761872721290  0.24072398541935  0.24072398538710  -0.07369458600000  0.21113415677419  0.21113415677419  0.02674992774194  0.21349551075161  0.21349551107419  -0.02333431314194  0.23532150952903  0.23532150952903  0.03398064559355  0.25325041322581  0.25325041322581  -0.02349785545161  0.21044247746774  0.21044247749355  0.04844602464839  0.26527956351613  0.26527956351613  -0.00369808483871  0.19633049872258  0.19633049873548  -0.00032509420000  0.24174190567742  0.24174190600323  -0.03091009092903  0.22298296164194  0.22298296167419  0.17479485484194
0.97608679083871  0.76293008293548  0.00000000000000  0.44166057388484  0.44166057390913  -0.06364074863710  0.34432475393548  0.34432475390323  -0.04194564332258  0.37737107500000  0.37737107467742  0.04258066158065  0.21275283567742  0.21275283535484  -0.04708007351613  0.31028745777419  0.31028745745161  0.13034029029032  0.17848227083871  0.17848227116129  0.04934318212903  0.27218069501935  0.27218069468710  -0.04232064926129  0.18732714819032  0.18732714810645  0.00278200801935  0.19850158593548  0.19850158593548  -0.09263831767742  0.11751649404194  0.11751649404194  0.06109883076129  0.16652462741935  0.16652462746129  0.01612645466774  0.18268314138710  0.18268314167742  0.03771340158065  0.18876702309355  0.18876702344516  0.11212705629677  0.34185994241935  0.34185994193548  -0.11134212341935  0.20135718209677  0.20135718206452  -0.01597120809677
0.53654113083871  0.56546267443871  0.44166057388484  0.00000000000000  0.17997076196129  0.17997076163871  -0.00321667786452  0.38769116635484  0.38769116635484  0.10225720448387  0.31088819817097  0.31088819813548  0.07919864745806  0.31034567487097  0.31034567483871  0.01391775383871  0.46633141725806  0.46633141725806  0.04767112210000  0.33662508332258  0.33662508364516  -0.00530936751613  0.44528199074194  0.44528199074194  0.04405426193548  0.32537760566452  0.32537760598387  0.07850988640323  0.38808973732258  0.38808973700000  0.07230607106452  0.39074792285161  0.39074792288065  0.03013906149032  0.27982260074194  0.27982260074194  0.05302697077419  0.21780529899258  0.21780529899290  0.04369188332161  0.27686383101290  0.27686383098065  0.03035783620968  0.30431835364516  0.30431835364516  -0.00875989003226  0.53361123450290  0.53361123450290
0.92843601225806  0.56546267508710  0.44166057390913  0.17997076196129  0.00000000000000  0.07899241640581  0.63545227612903  0.63545227645161  0.34046750838710  0.88832097054839  0.88832097054839  0.39216467422581  0.59539427809677  0.59539427809677  0.11910971648387  0.60905811774194  0.60905811741935  0.15259098322581  0.46932077418710  0.46932077450645  0.04403757321935  0.67204400925806  0.67204400912903  0.28968471951613  0.49196062790323  0.49196062761290  0.06127855880645  0.50941194996774  0.50941194996774  0.00724952035484  0.35076070067742  0.35076070096774  0.01328177848387  0.41578024312903  0.41578024312903  0.10123623396774  0.39394217335484  0.39394217335484  0.06233167141935  0.34585303948387  0.34585303945161  0.05909708283871  0.53204165387097  0.53204165387097  0.06024627438710  0.43300757886916  0.43300757886784  0.07664393299310
0.92843601225806  0.25471287717419  -0.06364074863710  0.17997076163871  0.07899241640581  0.00000000000000  0.50217736664516  0.50217736661290  -0.03482168561290  0.47322764748387  0.47322764748387  0.01643408054839  0.29157092674194  0.29157092677419  -0.05416169277419  0.39137863135484  0.39137863135484  -0.03338474103226  0.48505197887097  0.48505197919355  0.11810694383871  0.32278411283871  0.32278411322581  0.03195376293548  0.46907702947419  0.46907702882903  0.05208520308710  0.24415601278710  0.24415601291613  0.01988451469677  0.45052929774194  0.45052929770968  -0.29033742700000  0.36025807470968  0.36025807535484  -0.09335222561290  0.36981020720645  0.36981020714194  -0.23485763847097  0.26308602087097  0.26308602119355  -0.01181540377419  0.37097360890323  0.37097360858065  0.01984640629032  0.34079493409677  0.34079493351613  -0.01587476454839
0.56057605161290  0.67856456080645  0.34432475393548  -0.00321667786452  0.63545227612903  0.50217736664516  0.00000000000000  0.31785001164194  0.31785001164516  0.06629720764194  0.47107091029032  0.47107090932258  0.05457438932258  0.31633739932258  0.31633739900000  -0.06373067487097  0.26539498547419  0.26539498582903  0.06818875370000  1.03731110361290  1.03731110329032  0.62077771490323  1.20502676903226  1.20502676932258  0.84254270919355  0.35019603419355  0.35019603419355  0.11681735800000  0.14542308661290  0.14542308629032  -0.03020684551613  0.17479409625161  0.17479409622258  -0.02441438739355  0.14761210925806  0.14761210893548  0.00571468319355  0.23154061858065  0.23154061858065  0.12135995258065  0.12858088881613  0.12858088849677  0.06601232486129  0.59227071638710  0.59227071638710  0.10419007651613  0.67782964849355  0.67782964846129
0.63203833396774  0.67856456080645  0.34432475390323  0.38769116635484  0.63545227645161  0.50217736661290  0.31785001164194  0.00000000000000  0.26596419373548  0.58163506926774  0.58163506927097  0.30710117720323  0.60347210441935  0.60347210441935  0.39088159667742  0.44890871732258  0.44890871735484  0.17305234703226  1.02355111474194  1.02355111477419  0.60740609170968  0.38425130648387  0.38425130648387  0.03403610054839  0.62495004958065  0.62495004958065  0.22904516164516  0.26430398835806  0.26430398870000  0.23006371875806  0.45752062977419  0.45752062945161  0.23846972719355  0.46054049811290  0.46054049850000  0.01220646724194  0.19553537641935  0.19553537612903  0.01764701203226  0.13087676925806  0.13087676861290  0.03425119880645  0.14976168983871  0.14976168983871  -0.03490545600000  0.15290570376452  0.15290570408710  0.16100956324516
0.63203833396774  0.21740515274194  -0.04194564332258  0.38769116635484  0.34046750838710  -0.03482168561290  0.31785001164516  0.26596419373548  0.00000000000000  0.12732272961290  0.12732272993548  0.11431409400000  0.09551906070645  0.09551906083548  0.04468871616774  0.21777038467742  0.21777038464516  0.07628074632258  0.08170364588387  0.08170364652258  0.09318044481613  0.23160779567742  0.23160779541935  0.14192152712903  0.06227560748387  0.06227560745161  0.06166079622581  0.58710220780645  0.58710220812903  -0.07454094741935  0.36717178625806  0.36717178625806  0.14785833277419  0.37508579837742  0.37508579837742  0.15368137407419  0.22689745504516  0.22689745498387  0.06068788239355  0.25499294531935  0.25499294496452  0.23198676993871  0.12005259089677  0.12005259143548  -0.00013423362258  0.11143401623871  0.11143401581935  0.08460138588387
0.05468965487097  0.44372727067742  0.37737107500000  0.10225720448387  0.88832097054839  0.47322764748387  0.06629720764194  0.58163506926774  0.12732272961290  0.00000000000000  0.10564789816129  0.10564789835484  0.04382386216129  0.07764512122581  0.07764512087097  0.07507231054839  0.10830428900000  0.10830428929032  0.04291892019355  0.03533600127742  0.03533600159677  0.07779059417742  0.05541208296774  0.05541208361290  0.09017284541935  0.06764629962581  0.06764629930323  0.09393153433548  0.25761872029032  0.25761872025806  -0.00769071709677  0.10567198464516  0.10567198490323  0.07844293474194  0.14631644358065  0.14631644322581  0.01204373548387  1.17022505000000  1.17022505000000  0.52555040741935  0.65108091633871  0.65108091627419  0.24864629659677  0.22643366957419  0.22643366925258  0.07312880265645  0.26424113580645  0.26424113567742
0.61372254464516  0.44372727100000  0.37737107467742  0.31088819817097  0.88832097054839  0.47322764748387  0.47107091029032  0.58163506927097  0.12732272993548  0.10564789816129  0.00000000000000  0.07756270464516  0.26807125445806  0.26807125445484  0.11478504244839  0.35732698521613  0.35732698520968  0.13307841203871  0.28753146320968  0.28753146320645  0.15580518694839  0.77925042919355  0.77925042887097  0.16503443048387  0.87579498025806  0.87579498025806  0.30924771490323  0.77158105448387  0.77158105480645  0.28413150454839  0.61073612522581  0.61073612490323  0.22623788638710  0.39567028848387  0.39567028816129  0.11152212429032  0.76323673512581  0.76323673479677  0.31254460422258  0.36313668430645  0.36313668430323  0.15164701810968  0.66551920290323  0.66551920258065  0.02254117941935  0.31131881787742  0.31131881849032  0.06757975503871
0.61372254464516  0.17052584603226  0.04258066158065  0.31088819813548  0.39216467422581  0.01643408054839  0.47107090932258  0.30710117720323  0.11431409400000  0.10564789835484  0.07756270464516  0.00000000000000  0.81263725777419  0.81263725774194  0.36541514283871  0.61030305163548  0.61030305092258  0.12638614110000  0.20011382147097  0.20011382179355  -0.07156631143548  0.10835650816129  0.10835650816129  -0.04364246983871  0.20454298153226  0.20454298150000  0.05753507908065  0.18842777054839  0.18842777054839  0.05029575048387  0.28038598760323  0.28038598777419  0.16025360739355  0.18479868030000  0.18479868017097  0.03492005888710  0.34593434638065  0.34593434631613  0.07845735012581  0.20667438240645  0.20667438208387  0.06519158860000  0.41667667583871  0.41667667616129  0.12799727235484  0.13392805885161  0.13392805559032  -0.03588881547097
0.29748545335484  0.38725278267742  0.21275283567742  0.07919864745806  0.59539427809677  0.29157092674194  0.05457438932258  0.60347210441935  0.09551906070645  0.04382386216129  0.26807125445806  0.81263725777419  0.00000000000000  0.71021566096774  0.71021566129032  0.17464884645161  0.53222788783871  0.53222788780645  0.22364399748387  0.40274253864516  0.40274253861290  0.07710014967742  0.32069781333226  0.32069781327097  0.01748137677097  0.33498451858065  0.33498451825806  0.15980045341935  0.17568066748387  0.17568066712903  -0.04407267745161  0.16471581290323  0.16471581274194  0.01506041403226  0.15679513804516  0.15679513836774  0.00291745356774  0.18173434240742  0.18173434242710  0.07508411144032  0.14984650195484  0.14984650205161  -0.07337187927742  0.15056293270645  0.15056293302903  -0.06484592142258  0.06199097222581  0.06199097358065
0.42021978453871  0.38725278232258  0.21275283535484  0.31034567487097  0.59539427809677  0.29157092677419  0.31633739932258  0.60347210441935  0.09551906083548  0.07764512122581  0.26807125445484  0.81263725774194  0.71021566096774  0.00000000000000  0.04743292341935  0.12648016255806  0.12648016255484  0.04464967390645  0.35103308064516  0.35103308054839  -0.00192718000000  0.11486881235484  0.11486881232258  -0.02281749216129  0.16996221873226  0.16996221783871  -0.08605272473548  0.39612143541935  0.39612143541935  0.12571594709677  0.16038490316452  0.16038490316452  -0.06142401802903  0.17791583032258  0.17791583019355  -0.01551965858065  0.16092057373548  0.16092057373226  0.02175747599032  0.29377166378387  0.29377166346452  0.14350410415161  0.19674986193548  0.19674986193548  0.07396996193548  0.62162135990323  0.62162135990645  0.39384064570968
0.42021978454194  0.05050183374194  -0.04708007351613  0.31034567483871  0.11910971648387  -0.05416169277419  0.31633739900000  0.39088159667742  0.04468871616774  0.07764512087097  0.11478504244839  0.36541514283871  0.71021566129032  0.04743292341935  0.00000000000000  0.68799701525806  0.68799701493548  0.46942173280645  0.63175131922581  0.63175131893548  0.34699524116129  0.61493478919355  0.61493478951613  0.44722589893548  0.42982287218710  0.42982287222258  0.09423718529677  0.75512665130645  0.75512665133871  0.38260727378710  0.39029252238710  0.39029252229032  0.03641861903226  0.78318058967742  0.78318059000000  0.13924158258065  0.30524558638710  0.30524558638710  0.24437465922581  0.59099551090323  0.59099551025806  0.30687397587097  0.72574478729032  0.72574478693548  0.10816607403226  0.20451727980645  0.20451727906452  0.18632298725806
-0.01031221481290  0.47744510385161  0.31028745777419  0.01391775383871  0.60905811774194  0.39137863135484  -0.06373067487097  0.44890871732258  0.21777038467742  0.07507231054839  0.35732698521613  0.61030305163548  0.17464884645161  0.12648016255806  0.68799701525806  0.00000000000000  0.20203001036452  0.20203000991290  0.08840224536774  0.16478829751355  0.16478829719290  -0.04366464655161  0.14158288472581  0.14158288460000  0.17710302604516  0.15939800744516  0.15939800750968  -0.04156266651290  0.11258061651613  0.11258061667742  -0.00528478777419  0.29564303540645  0.29564303508710  0.10470384700968  0.12712083800000  0.12712083796774  0.07668465409677  0.31813620205161  0.31813620205161  0.20013467739355  0.12158599391419  0.12158599391323  0.09992368152645  0.66463012664516  0.66463012667742  0.05132546303226  0.42382358285484  0.42382358277742
0.21934850896774  0.47744510385161  0.31028745745161  0.46633141725806  0.60905811741935  0.39137863135484  0.26539498547419  0.44890871735484  0.21777038464516  0.10830428900000  0.35732698520968  0.61030305092258  0.53222788783871  0.12648016255484  0.68799701493548  0.20203001036452  0.00000000000000  0.09918855331935  0.41511240977419  0.41511240964516  0.23083954838710  0.29373341454516  0.29373341486774  -0.02128794410000  0.37965449487097  0.37965449454839  0.14290652383871  0.10307381387097  0.10307381387097  0.02824663783871  0.12693176937419  0.12693176904516  -0.04956344632581  0.12647969790323  0.12647969809677  -0.00184061838710  0.13437336057516  0.13437336105839  0.11220328632065  0.14193809083871  0.14193809083871  0.04822198309677  0.08124165273226  0.08124165284194  0.00362579532903  0.07224323173226  0.07224323253871  -0.01732322989355
0.21934850896774  0.07761872721290  0.13034029029032  0.46633141725806  0.15259098322581  -0.03338474103226  0.26539498582903  0.17305234703226  0.07628074632258  0.10830428929032  0.13307841203871  0.12638614110000  0.53222788780645  0.04464967390645  0.46942173280645  0.20203000991290  0.09918855331935  0.00000000000000  0.08647910612903  0.08647910583871  0.03216337277419  0.25630529131613  0.25630529105806  0.04326215916774  0.08546683787355  0.08546683802832  -0.02112872701335  0.11461558538710  0.11461558506452  0.01568721112903  0.97346701787097  0.97346701787097  0.50678094432258  1.09414516161290  1.09414516483871  0.73380752870968  0.63081871635484  0.63081871635484  0.35978098177419  0.70754431706452  0.70754431738710  0.31816844287097  0.66527417732258  0.66527417732258  0.38338518570968  0.55240455587097  0.55240455587097  0.14605555070968
-0.07213948412903  0.24072398541935  0.17848227083871  0.04767112210000  0.46932077418710  0.48505197887097  0.06818875370000  1.02355111474194  0.08170364588387  0.04291892019355  0.28753146320968  0.20011382147097  0.22364399748387  0.35103308064516  0.63175131922581  0.08840224536774  0.41511240977419  0.08647910612903  0.00000000000000  0.40688574800000  0.40688574800000  0.13843540906452  0.43712215177419  0.43712215174194  0.02562471612903  0.35133218308065  0.35133218340645  0.13711466723871  0.50578231704839  0.50578231704839  0.15169846682258  0.48516084322581  0.48516084354839  0.05744076774194  0.57274576377419  0.57274576344839  -0.01423059074516  0.48598478870968  0.48598478838710  -0.07894857290323  0.48413876800000  0.48413876832258  -0.06709554748387  1.17878470206452  1.17878470206452  0.53509638129032  0.71510877287097  0.71510877254839
0.29058171913226  0.24072398538710  0.17848227116129  0.33662508332258  0.46932077450645  0.48505197919355  1.03731110361290  1.02355111477419  0.08170364652258  0.03533600127742  0.28753146320645  0.20011382179355  0.40274253864516  0.35103308054839  0.63175131893548  0.16478829751355  0.41511240964516  0.08647910583871  0.40688574800000  0.00000000000000  -0.06159897519355  0.70502996758065  0.70502996754839  0.20208893493548  0.58222359506452  0.58222359506452  -0.03918414054839  0.59259440576774  0.59259440576774  0.32520873449032  0.65320482225806  0.65320482193548  0.29190285193548  0.63770404887097  0.63770404919355  0.28208759306452  0.50726815083871  0.50726815051613  0.20233752206452  0.70666136074194  0.70666136041935  0.35772455332258  0.62245093106452  0.62245093106452  0.34578094429032  0.62814060606452  0.62814060606452  0.31124779348387
0.29058171913548  -0.07369458600000  0.04934318212903  0.33662508364516  0.04403757321935  0.11810694383871  1.03731110329032  0.60740609170968  0.09318044481613  0.03533600159677  0.15580518694839  -0.07156631143548  0.40274253861290  -0.00192718000000  0.34699524116129  0.16478829719290  0.23083954838710  0.03216337277419  0.40688574800000  -0.06159897519355  0.00000000000000  0.49528309303226  0.49528309300000  0.02149163151613  0.46092501887097  0.46092501916129  -0.03840256593548  0.43628823525161  0.43628823519032  -0.04937528210645  0.55444800535484  0.55444800535484  0.16426021270968  0.47443180116129  0.47443180116129  -0.08179838503226  0.48716118370968  0.48716118370968  -0.25779627758065  0.33706829716129  0.33706829716129  -0.08792395854839  0.44609643990968  0.44609643990645  0.00413861899355  0.52024903177419  0.52024903177419  0.07500328180645
-0.07184574725806  0.21113415677419  0.27218069501935  -0.00530936751613  0.67204400925806  0.32278411283871  0.62077771490323  0.38425130648387  0.23160779567742  0.07779059417742  0.77925042919355  0.10835650816129  0.07710014967742  0.11486881235484  0.61493478919355  -0.04366464655161  0.29373341454516  0.25630529131613  0.13843540906452  0.70502996758065  0.49528309303226  0.00000000000000  0.42419220432258  0.42419220464516  0.07926057864516  0.26312606555161  0.26312606555161  -0.10915770077419  0.48116098093548  0.48116098061290  0.05798487422581  0.22208377783871  0.22208377680645  0.04128784064516  0.25873191319355  0.25873191254839  -0.10037732706452  0.44227430577419  0.44227430577419  0.01416566806452  0.27896980310645  0.27896980281613  -0.04042536826774  0.25415806332258  0.25415806309677  -0.13351004338710  1.13067975045161  1.13067975045161
0.21646220535484  0.21113415677419  0.27218069468710  0.44528199074194  0.67204400912903  0.32278411322581  1.20502676903226  0.38425130648387  0.23160779541935  0.05541208296774  0.77925042887097  0.10835650816129  0.32069781333226  0.11486881232258  0.61493478951613  0.14158288472581  0.29373341486774  0.25630529105806  0.43712215177419  0.70502996754839  0.49528309300000  0.42419220432258  0.00000000000000  0.65705695816129  1.03363238225806  1.03363238225806  0.80783598354839  0.75024016327742  0.75024016327742  0.32091121585806  0.81400115683871  0.81400115683871  0.75225063038710  0.35004318809677  0.35004318809677  0.03967946700000  0.17050909382581  0.17050909353548  0.09358832011935  0.21209532954839  0.21209532958065  0.02665723209677  0.19557719786774  0.19557719786774  0.03137085832581  0.37902900770968  0.37902900770968  0.14292575112903
0.21646220535484  0.02674992774194  -0.04232064926129  0.44528199074194  0.28968471951613  0.03195376293548  1.20502676932258  0.03403610054839  0.14192152712903  0.05541208361290  0.16503443048387  -0.04364246983871  0.32069781327097  -0.02281749216129  0.44722589893548  0.14158288460000  -0.02128794410000  0.04326215916774  0.43712215174194  0.20208893493548  0.02149163151613  0.42419220464516  0.65705695816129  0.00000000000000  0.26473153412903  0.26473153445161  0.02526144141935  0.46650559916129  0.46650559916129  -0.02095874835484  0.30638515283871  0.30638515283871  -0.10532379754839  0.41329224370968  0.41329224370968  -0.12357036693548  0.56463041751613  0.56463041687097  0.01008547912903  0.49873788050000  0.49873788050000  0.01087316830323  0.69107715609677  0.69107715609677  0.28480188900000  0.61724517632258  0.61724517664516  -0.05128846419355
-0.05692161883871  0.21349551075161  0.18732714819032  0.04405426193548  0.49196062790323  0.46907702947419  0.84254270919355  0.62495004958065  0.06227560748387  0.09017284541935  0.87579498025806  0.20454298153226  0.01748137677097  0.16996221873226  0.42982287218710  0.17710302604516  0.37965449487097  0.08546683787355  0.02562471612903  0.58222359506452  0.46092501887097  0.07926057864516  1.03363238225806  0.26473153412903  0.00000000000000  1.04097357677419  1.04097357677419  0.97580951935484  0.77359436058065  0.77359436054839  0.44351506319032  0.81191438122581  0.81191438154839  0.48820686812903  0.68016833645161  0.68016833612903  0.32923195612903  0.69080993861290  0.69080993861290  0.40023144570968  0.71116702301290  0.71116702301290  0.24773367662258  0.54874736536129  0.54874736504194  0.08848879536129  0.57873204229032  0.57873204293548
0.24584983495806  0.21349551107419  0.18732714810645  0.32537760566452  0.49196062761290  0.46907702882903  0.35019603419355  0.62495004958065  0.06227560745161  0.06764629962581  0.87579498025806  0.20454298150000  0.33498451858065  0.16996221783871  0.42982287222258  0.15939800744516  0.37965449454839  0.08546683802832  0.35133218308065  0.58222359506452  0.46092501916129  0.26312606555161  1.03363238225806  0.26473153445161  1.04097357677419  0.00000000000000  -0.07668029229032  0.22406137000000  0.22406137000000  0.08704210838710  0.25508726996774  0.25508726993548  -0.06647233219355  0.40072185525806  0.40072185525806  0.04583526087097  0.35878034168065  0.35878034235806  -0.07976528167419  0.37990688206774  0.37990688174516  -0.17551581800323  0.26120431135387  0.26120431164323  -0.04240298193774  0.46701162101171  0.46701162133197  0.05816631004410
0.24584983496129  -0.02333431314194  0.00278200801935  0.32537760598387  0.06127855880645  0.05208520308710  0.35019603419355  0.22904516164516  0.06166079622581  0.06764629930323  0.30924771490323  0.05753507908065  0.33498451825806  -0.08605272473548  0.09423718529677  0.15939800750968  0.14290652383871  -0.02112872701335  0.35133218340645  -0.03918414054839  -0.03840256593548  0.26312606555161  0.80783598354839  0.02526144141935  1.04097357677419  -0.07668029229032  0.00000000000000  0.62530232103226  0.62530232103226  0.08370238922581  0.46921520912903  0.46921520945161  0.00215552151613  0.34509296012903  0.34509296012903  -0.15439755935484  0.54033974816129  0.54033974848387  0.08769436848387  0.28933731312903  0.28933731241935  -0.01240618448387  0.28317891070968  0.28317891070968  0.01177570896774  0.34031941251613  0.34031941251613  0.07332104845161
-0.01973780498710  0.23532150952903  0.19850158593548  0.07850988640323  0.50941194996774  0.24415601278710  0.11681735800000  0.26430398835806  0.58710220780645  0.09393153433548  0.77158105448387  0.18842777054839  0.15980045341935  0.39612143541935  0.75512665130645  -0.04156266651290  0.10307381387097  0.11461558538710  0.13711466723871  0.59259440576774  0.43628823525161  -0.10915770077419  0.75024016327742  0.46650559916129  0.97580951935484  0.22406137000000  0.62530232103226  0.00000000000000  0.31636240212903  0.31636240212903  -0.03945317465161  0.24576370329032  0.24576370312903  -0.05180600132258  0.76491481064516  0.76491481064516  0.43762806096774  0.84432529858064  0.84432529854839  0.54327651209677  0.92325302467742  0.92325302467742  0.66990267403226  0.33155479806452  0.33155479774194  0.16942348193548  0.16871904251613  0.16871904241935
0.20448954396774  0.23532150952903  0.19850158593548  0.38808973732258  0.50941194996774  0.24415601291613  0.14542308661290  0.26430398870000  0.58710220812903  0.25761872029032  0.77158105480645  0.18842777054839  0.17568066748387  0.39612143541935  0.75512665133871  0.11258061651613  0.10307381387097  0.11461558506452  0.50578231704839  0.59259440576774  0.43628823519032  0.48116098093548  0.75024016327742  0.46650559916129  0.77359436058065  0.22406137000000  0.62530232103226  0.31636240212903  0.00000000000000  0.11980721135484  0.26088656700000  0.26088656700000  0.04580259919355  0.20894315396774  0.20894315396774  -0.02551785764516  0.47192202261290  0.47192202261290  0.12123813035484  0.31694275803226  0.31694275803226  -0.00563515661290  0.55428972922581  0.55428972954839  0.00357035803226  0.38137197070613  0.38137197070839  0.06762928787355
0.20448954400000  0.03398064559355  -0.09263831767742  0.38808973700000  0.00724952035484  0.01988451469677  0.14542308629032  0.23006371875806  -0.07454094741935  0.25761872025806  0.28413150454839  0.05029575048387  0.17568066712903  0.12571594709677  0.38260727378710  0.11258061667742  0.02824663783871  0.01568721112903  0.50578231704839  0.32520873449032  -0.04937528210645  0.48116098061290  0.32091121585806  -0.02095874835484  0.77359436054839  0.08704210838710  0.08370238922581  0.31636240212903  0.11980721135484  0.00000000000000  0.50942044548387  0.50942044583871  0.01880612709677  0.69653337725806  0.69653337725806  0.12141408890323  0.55807085832258  0.55807085829032  -0.06287124945161  1.12449086741935  1.12449086741935  0.50874193838710  0.68864316354839  0.68864316354839  -0.11342943096774  0.86150256390645  0.86150256390323  0.51948742214839
-0.06542379412903  0.25325041322581  0.11751649404194  0.07230607106452  0.35076070067742  0.45052929774194  -0.03020684551613  0.45752062977419  0.36717178625806  -0.00769071709677  0.61073612522581  0.28038598760323  -0.04407267745161  0.16038490316452  0.39029252238710  -0.00528478777419  0.12693176937419  0.97346701787097  0.15169846682258  0.65320482225806  0.55444800535484  0.05798487422581  0.81400115683871  0.30638515283871  0.44351506319032  0.25508726996774  0.46921520912903  -0.03945317465161  0.26088656700000  0.50942044548387  0.00000000000000  1.10229905322581  1.10229905322581  0.63163534709677  0.82164191151613  0.82164191119355  0.53897917293548  0.71509857451613  0.71509857451613  0.15238860322581  0.82573658138710  0.82573657816129  0.61969152003226  0.86967973387097  0.86967973387097  0.58070724580645  0.65750434616129  0.65750434616129
0.42213872180000  0.25325041322581  0.11751649404194  0.39074792285161  0.35076070096774  0.45052929770968  0.17479409625161  0.45752062945161  0.36717178625806  0.10567198464516  0.61073612490323  0.28038598777419  0.16471581290323  0.16038490316452  0.39029252229032  0.29564303540645  0.12693176904516  0.97346701787097  0.48516084322581  0.65320482193548  0.55444800535484  0.22208377783871  0.81400115683871  0.30638515283871  0.81191438122581  0.25508726993548  0.46921520945161  0.24576370329032  0.26088656700000  0.50942044583871  1.10229905322581  0.00000000000000  0.12980490358065  0.64408610564516  0.64408610532258  -0.13192607467742  0.23028881661290  0.23028881654839  0.13042187003226  0.30610880777419  0.30610880806452  -0.00650092058065  0.49214205554839  0.49214205551613  0.10735611296774  0.38651857914194  0.38651857946452  -0.07822900817419
0.42213872180000  -0.02349785545161  0.06109883076129  0.39074792288065  0.01328177848387  -0.29033742700000  0.17479409622258  0.23846972719355  0.14785833277419  0.10567198490323  0.22623788638710  0.16025360739355  0.16471581274194  -0.06142401802903  0.03641861903226  0.29564303508710  -0.04956344632581  0.50678094432258  0.48516084354839  0.29190285193548  0.16426021270968  0.22208377680645  0.75225063038710  -0.10532379754839  0.81191438154839  -0.06647233219355  0.00215552151613  0.24576370312903  0.04580259919355  0.01880612709677  1.10229905322581  0.12980490358065  0.00000000000000  0.45498268764839  0.45498268728387  -0.07154424474839  0.32631853283871  0.32631853312903  -0.08920358119355  0.45777984954839  0.45777985019355  -0.00658883212903  0.88627265209677  0.88627265209677  0.16447713596774  0.49619029322581  0.49619029354839  -0.08887333967742
0.07372039144516  0.21044247746774  0.16652462741935  0.03013906149032  0.41578024312903  0.36025807470968  -0.02441438739355  0.46054049811290  0.37508579837742  0.07844293474194  0.39567028848387  0.18479868030000  0.01506041403226  0.17791583032258  0.78318058967742  0.10470384700968  0.12647969790323  1.09414516161290  0.05744076774194  0.63770404887097  0.47443180116129  0.04128784064516  0.35004318809677  0.41329224370968  0.48820686812903  0.40072185525806  0.34509296012903  -0.05180600132258  0.20894315396774  0.69653337725806  0.63163534709677  0.64408610564516  0.45498268764839  0.00000000000000  0.44930055237419  0.44930055272903  -0.03445168465806  0.64748062967742  0.64748062935484  0.05372178516129  0.35532455554839  0.35532455390323  -0.06816348348387  0.33290540241935  0.33290540241935  -0.03051021364516  0.43707474391935  0.43707474388387
0.45564224877116  0.21044247749355  0.16652462746129  0.27982260074194  0.41578024312903  0.36025807535484  0.14761210925806  0.46054049850000  0.37508579837742  0.14631644358065  0.39567028816129  0.18479868017097  0.15679513804516  0.17791583019355  0.78318059000000  0.12712083800000  0.12647969809677  1.09414516483871  0.57274576377419  0.63770404919355  0.47443180116129  0.25873191319355  0.35004318809677  0.41329224370968  0.68016833645161  0.40072185525806  0.34509296012903  0.76491481064516  0.20894315396774  0.69653337725806  0.82164191151613  0.64408610532258  0.45498268728387  0.44930055237419  0.00000000000000  0.10859888714516  0.38298248985161  0.38298248985161  -0.09611101830323  0.25347620699032  0.25347620714194  -0.01645090513871  0.93378427900000  0.93378427900000  0.46155167190323  1.14806271838710  1.14806271838710  0.95897844354839
0.45564224844845  0.04844602464839  0.01612645466774  0.27982260074194  0.10123623396774  -0.09335222561290  0.14761210893548  0.01220646724194  0.15368137407419  0.14631644322581  0.11152212429032  0.03492005888710  0.15679513836774  -0.01551965858065  0.13924158258065  0.12712083796774  -0.00184061838710  0.73380752870968  0.57274576344839  0.28208759306452  -0.08179838503226  0.25873191254839  0.03967946700000  -0.12357036693548  0.68016833612903  0.04583526087097  -0.15439755935484  0.76491481064516  -0.02551785764516  0.12141408890323  0.82164191119355  -0.13192607467742  -0.07154424474839  0.44930055272903  0.10859888714516  0.00000000000000  0.44816021993323  0.44816021993323  0.13154928932677  0.24859330638710  0.24859330645161  0.19778004500000  0.29641338294839  0.29641338327097  0.13049355318065  0.25210812312903  0.25210812343226  0.07047078969677
0.13787503401929  0.26527956351613  0.18268314138710  0.05302697077419  0.39394217335484  0.36981020720645  0.00571468319355  0.19553537641935  0.22689745504516  0.01204373548387  0.76323673512581  0.34593434638065  0.00291745356774  0.16092057373548  0.30524558638710  0.07668465409677  0.13437336057516  0.63081871635484  -0.01423059074516  0.50726815083871  0.48716118370968  -0.10037732706452  0.17050909382581  0.56463041751613  0.32923195612903  0.35878034168065  0.54033974816129  0.43762806096774  0.47192202261290  0.55807085832258  0.53897917293548  0.23028881661290  0.32631853283871  -0.03445168465806  0.38298248985161  0.44816021993323  0.00000000000000  0.37372372761290  0.37372372761290  0.07065756800000  0.22821411519355  0.22821411551613  0.08315765803226  0.35823607975806  0.35823607975484  -0.03459548110323  0.31239393877419  0.31239393877419
0.39717384693548  0.26527956351613  0.18268314167742  0.21780529899258  0.39394217335484  0.36981020714194  0.23154061858065  0.19553537612903  0.22689745498387  1.17022505000000  0.76323673479677  0.34593434631613  0.18173434240742  0.16092057373226  0.30524558638710  0.31813620205161  0.13437336105839  0.63081871635484  0.48598478870968  0.50726815051613  0.48716118370968  0.44227430577419  0.17050909353548  0.56463041687097  0.69080993861290  0.35878034235806  0.54033974848387  0.84432529858064  0.47192202261290  0.55807085829032  0.71509857451613  0.23028881654839  0.32631853312903  0.64748062967742  0.38298248985161  0.44816021993323  0.37372372761290  0.00000000000000  -0.11718803012903  0.37258066929032  0.37258066958065  -0.10599157108710  0.46176112070968  0.46176112070968  0.07069207322581  0.44166033629032  0.44166033629032  0.06643025551613
0.39717384693548  -0.00369808483871  0.03771340158065  0.21780529899290  0.06233167141935  -0.23485763847097  0.23154061858065  0.01764701203226  0.06068788239355  1.17022505000000  0.31254460422258  0.07845735012581  0.18173434242710  0.02175747599032  0.24437465922581  0.31813620205161  0.11220328632065  0.35978098177419  0.48598478838710  0.20233752206452  -0.25779627758065  0.44227430577419  0.09358832011935  0.01008547912903  0.69080993861290  -0.07976528167419  0.08769436848387  0.84432529854839  0.12123813035484  -0.06287124945161  0.71509857451613  0.13042187003226  -0.08920358119355  0.64748062935484  -0.09611101830323  0.13154928932677  0.37372372761290  -0.11718803012903  0.00000000000000  0.60777185170968  0.60777185170968  0.23632344525806  0.52986251022581  0.52986250991935  -0.12747459229677  0.96271561451613  0.96271561451613  0.72787449000000
0.03182096629032  0.19633049872258  0.18876702309355  0.04369188332161  0.34585303948387  0.26308602087097  0.12135995258065  0.13087676925806  0.25499294531935  0.52555040741935  0.36313668430645  0.20667438240645  0.07508411144032  0.29377166378387  0.59099551090323  0.20013467739355  0.14193809083871  0.70754431706452  -0.07894857290323  0.70666136074194  0.33706829716129  0.01416566806452  0.21209532954839  0.49873788050000  0.40023144570968  0.37990688206774  0.28933731312903  0.54327651209677  0.31694275803226  1.12449086741935  0.15238860322581  0.30610880777419  0.45777984954839  0.05372178516129  0.25347620699032  0.24859330638710  0.07065756800000  0.37258066929032  0.60777185170968  0.00000000000000  0.59591775106452  0.59591775106452  0.50515648590323  0.82542722845161  0.82542722848387  0.45707074912903  0.65883558454839  0.65883558422581
0.45687275776129  0.19633049873548  0.18876702344516  0.27686383101290  0.34585303945161  0.26308602119355  0.12858088881613  0.13087676861290  0.25499294496452  0.65108091633871  0.36313668430323  0.20667438208387  0.14984650195484  0.29377166346452  0.59099551025806  0.12158599391419  0.14193809083871  0.70754431738710  0.48413876800000  0.70666136041935  0.33706829716129  0.27896980310645  0.21209532958065  0.49873788050000  0.71116702301290  0.37990688174516  0.28933731241935  0.92325302467742  0.31694275803226  1.12449086741935  0.82573658138710  0.30610880806452  0.45777985019355  0.35532455554839  0.25347620714194  0.24859330645161  0.22821411519355  0.37258066958065  0.60777185170968  0.59591775106452  0.00000000000000  0.31778805164516  0.68180316303226  0.68180316303226  0.41968596303226  0.72841581525806  0.72841581529032  0.24851099054839
0.45687275747097  -0.00032509420000  0.11212705629677  0.27686383098065  0.05909708283871  -0.01181540377419  0.12858088849677  0.03425119880645  0.23198676993871  0.65108091627419  0.15164701810968  0.06519158860000  0.14984650205161  0.14350410415161  0.30687397587097  0.12158599391323  0.04822198309677  0.31816844287097  0.48413876832258  0.35772455332258  -0.08792395854839  0.27896980281613  0.02665723209677  0.01087316830323  0.71116702301290  -0.17551581800323  -0.01240618448387  0.92325302467742  -0.00563515661290  0.50874193838710  0.82573657816129  -0.00650092058065  -0.00658883212903  0.35532455390323  -0.01645090513871  0.19778004500000  0.22821411551613  -0.10599157108710  0.23632344525806  0.59591775106452  0.31778805164516  0.00000000000000  0.55574215835484  0.55574215867742  0.04209475093548  0.61619286229032  0.61619286196774  -0.14457269158065
0.14426327984839  0.24174190567742  0.34185994241935  0.03035783620968  0.53204165387097  0.37097360890323  0.06601232486129  0.14976168983871  0.12005259089677  0.24864629659677  0.66551920290323  0.41667667583871  -0.07337187927742  0.19674986193548  0.72574478729032  0.09992368152645  0.08124165273226  0.66527417732258  -0.06709554748387  0.62245093106452  0.44609643990968  -0.04042536826774  0.19557719786774  0.69107715609677  0.24773367662258  0.26120431135387  0.28317891070968  0.66990267403226  0.55428972922581  0.68864316354839  0.61969152003226  0.49214205554839  0.88627265209677  -0.06816348348387  0.93378427900000  0.29641338294839  0.08315765803226  0.46176112070968  0.52986251022581  0.50515648590323  0.68180316303226  0.55574215835484  0.00000000000000  0.30075220454516  0.30075220451290  0.08197990000323  0.35914619193548  0.35914619193548
0.43234805861290  0.24174190600323  0.34185994193548  0.30431835364516  0.53204165387097  0.37097360858065  0.59227071638710  0.14976168983871  0.12005259143548  0.22643366957419  0.66551920258065  0.41667667616129  0.15056293270645  0.19674986193548  0.72574478693548  0.66463012664516  0.08124165284194  0.66527417732258  1.17878470206452  0.62245093106452  0.44609643990645  0.25415806332258  0.19557719786774  0.69107715609677  0.54874736536129  0.26120431164323  0.28317891070968  0.33155479806452  0.55428972954839  0.68864316354839  0.86967973387097  0.49214205551613  0.88627265209677  0.33290540241935  0.93378427900000  0.29641338327097  0.35823607975806  0.46176112070968  0.52986250991935  0.82542722845161  0.68180316303226  0.55574215867742  0.30075220454516  0.00000000000000  -0.05223358490323  0.39991446358065  0.39991446358065  -0.07502324145161
0.43234805858065  -0.03091009092903  -0.11134212341935  0.30431835364516  0.06024627438710  0.01984640629032  0.59227071638710  -0.03490545600000  -0.00013423362258  0.22643366925258  0.02254117941935  0.12799727235484  0.15056293302903  0.07396996193548  0.10816607403226  0.66463012667742  0.00362579532903  0.38338518570968  1.17878470206452  0.34578094429032  0.00413861899355  0.25415806309677  0.03137085832581  0.28480188900000  0.54874736504194  -0.04240298193774  0.01177570896774  0.33155479774194  0.00357035803226  -0.11342943096774  0.86967973387097  0.10735611296774  0.16447713596774  0.33290540241935  0.46155167190323  0.13049355318065  0.35823607975484  0.07069207322581  -0.12747459229677  0.82542722848387  0.41968596303226  0.04209475093548  0.30075220451290  -0.05223358490323  0.00000000000000  0.37308483741613  0.37308483774194  -0.10434670290000
-0.07260107787097  0.22298296164194  0.20135718209677  -0.00875989003226  0.43300757886916  0.34079493409677  0.10419007651613  0.15290570376452  0.11143401623871  0.07312880265645  0.31131881787742  0.13392805885161  -0.06484592142258  0.62162135990323  0.20451727980645  0.05132546303226  0.07224323173226  0.55240455587097  0.53509638129032  0.62814060606452  0.52024903177419  -0.13351004338710  0.37902900770968  0.61724517632258  0.08848879536129  0.46701162101171  0.34031941251613  0.16942348193548  0.38137197070613  0.86150256390645  0.58070724580645  0.38651857914194  0.49619029322581  -0.03051021364516  1.14806271838710  0.25210812312903  -0.03459548110323  0.44166033629032  0.96271561451613  0.45707074912903  0.72841581525806  0.61619286229032  0.08197990000323  0.39991446358065  0.37308483741613  0.00000000000000  0.34493939722581  0.34493939722581
