0.00000000000000  0.84663322709677  0.84663322741935  0.52279745935484  1.03481305709677  1.03481305709677  0.56531692225806  0.74194093193548  0.74194093193548  0.23344050838710  0.78597194322581  0.78597194290323  0.27548659032258  0.47017132625806  0.47017132622581  0.05661989316129  0.25558835958065  0.25558835961290  -0.00460556267742  0.30040320407419  0.30040320410323  0.03017844539355  0.30949889712903  0.30949889712903  0.04958032019355  0.30945631258065  0.30945631258065  0.16039917767742  0.28071761383548  0.28071761383226  0.05906312287742  0.62022589932258  0.62022589932258  0.02050848712903  0.67524753903226  0.67524753870968  0.21094244645161  0.68543503025806  0.68543503025806  0.23728395038710  0.72741147451613  0.72741147483871  0.17865999129032  0.54205434993548  0.54205434964516  0.08683164687097  1.13830934506452  1.13830934506452
0.84663322709677  0.00000000000000  0.59420079345161  0.52308580272903  0.52308580272903  0.18365984217742  0.67068510470323  0.67068510437742  0.22909038134839  0.34096140902258  0.34096140899032  0.11062381663226  0.62801491741935  0.62801491741935  -0.05382316161290  0.56304333158065  0.56304333158065  0.15046863483871  0.36916064148387  0.36916064148387  -0.13934175225806  0.33184451415484  0.33184451418065  0.09687376635806  0.26088716161290  0.26088716167742  0.00693141819355  0.25256302545161  0.25256302548387  0.06145475245161  0.22349180803226  0.22349180829032  -0.01719281474194  0.25512947354839  0.25512947390323  0.10016430138710  0.38923550144516  0.38923550112581  0.18617728519032  0.28500934435484  0.28500934403226  0.00112565074194  0.37018380225806  0.37018380225806  0.10342738777419  0.32207478074194  0.32207478077419  0.14384774522581
0.84663322741935  0.59420079345161  0.00000000000000  0.65706243264516  0.65706243587097  0.01990427700000  0.44024055980645  0.44024055980645  0.15958836890323  0.42260129329032  0.42260129338710  0.07410239351613  0.28035259832258  0.28035259800000  0.07980552541935  0.44921200258065  0.44921200258065  0.04685485838710  0.20971449148387  0.20971449154839  0.04926964467742  0.30976597974194  0.30976597932258  -0.08953014980645  0.30566737660968  0.30566737653871  -0.08516051941290  0.31618296641935  0.31618296641935  -0.12819910925806  0.29531673480645  0.29531673483871  -0.02177705770968  0.27361773641935  0.27361773609677  0.02029816661290  0.17614825080645  0.17614825048387  -0.03569521464516  0.24949712093548  0.24949712093548  0.01389106903226  0.35361631163226  0.35361631163226  -0.01209080940000  0.24458199438710  0.24458199412903  -0.04235147619355
0.52279745935484  0.52308580272903  0.65706243264516  0.00000000000000  0.18937687245161  0.18937687190323  0.06688022254839  0.36788319204355  0.36788319204194  0.20797114150484  0.29227337524839  0.29227337524839  0.19730705918387  0.33094680397677  0.33094680398290  0.05142173353548  0.44762343180645  0.44762343180645  -0.08423883787097  0.35672537006613  0.35672537006323  -0.10361642434000  0.49674591760774  0.49674591792806  -0.02835402981258  0.35142353858065  0.35142353858065  -0.02712113406452  0.40518762816129  0.40518762816129  0.01255966932258  0.46199839048387  0.46199839045161  0.00649355629032  0.32509740990323  0.32509740990323  0.00453022054839  0.22165204370968  0.22165204370968  0.03781832693548  0.33612397568774  0.33612397569419  0.12723830904097  0.43085052470000  0.43085052470000  0.03194338702258  0.61161006129032  0.61161006129032
1.03481305709677  0.52308580272903  0.65706243587097  0.18937687245161  0.00000000000000  0.24323657935484  0.55141617342710  0.55141617277065  0.31766832206000  0.89188991553548  0.89188991553548  0.42265437994839  0.52015857700000  0.52015857700000  0.25779013848387  0.54669436419355  0.54669436451613  0.02289912290323  0.60221129970968  0.60221129938710  -0.05908774029032  0.60737306126129  0.60737306158387  0.23319562687419  0.63304099580645  0.63304099548387  -0.05072506838710  0.58524142667742  0.58524142700000  0.02706163770968  0.40446401222581  0.40446401222581  -0.03225423158065  0.50979684225806  0.50979684225806  0.03991475645161  0.43587875480645  0.43587875480645  0.05271526706452  0.48724289625806  0.48724289625806  0.03085068683871  0.58108270338710  0.58108270338710  0.06039426016129  0.59700707605161  0.59700707283871  0.08342288611613
1.03481305709677  0.18365984217742  0.01990427700000  0.18937687190323  0.24323657935484  0.00000000000000  0.55991312338710  0.55991312338710  -0.09893292077419  0.60130515712903  0.60130515712903  -0.07116066738710  0.34044104044194  0.34044104044194  0.03277760586452  0.35895025583871  0.35895025583871  0.01196294774194  0.44607954038710  0.44607954038710  0.05332539070968  0.37443588793226  0.37443588793226  0.09195168025484  0.59186978075484  0.59186978075484  0.06492878150000  0.48336962664194  0.48336962696452  -0.05131308354516  0.52898715861290  0.52898715845161  -0.26299045425806  0.55169348693548  0.55169348696774  0.02877545164516  0.49116051661290  0.49116051564516  -0.15873696861290  0.49231378741935  0.49231378745161  -0.01628959512903  0.45943971501935  0.45943971534194  0.01157661059032  0.39783677722581  0.39783677690323  -0.09048047796774
0.56531692225806  0.67068510470323  0.44024055980645  0.06688022254839  0.55141617342710  0.55991312338710  0.00000000000000  0.37483904390000  0.37483904418710  0.03410001235161  0.50412240632258  0.50412240632258  0.05584870374194  0.43260820283871  0.43260820274194  -0.13778026290323  0.40754050022581  0.40754050022581  0.15218928558065  1.29418183096774  1.29418183096774  0.63014085774194  1.37338259290323  1.37338259225806  0.80936870580645  0.43721335480645  0.43721335477419  0.09003576416129  0.16995061180645  0.16995061180645  0.04191452887097  0.18585226364194  0.18585226371290  0.02353688486452  0.19914994842258  0.19914994842581  0.02056311629677  0.22569239582581  0.22569239615161  0.13175149062258  0.19183492869484  0.19183492869581  0.11139906279548  0.84431653507419  0.84431653510645  0.09515567565484  0.93714851000000  0.93714851000000
0.74194093193548  0.67068510437742  0.44024055980645  0.36788319204355  0.55141617277065  0.55991312338710  0.37483904390000  0.00000000000000  0.20224850258065  0.88759111858064  0.88759111858064  0.30419339341935  0.79220386480645  0.79220386480645  0.40331677516129  0.42478922652194  0.42478922655419  0.22212462784258  1.18349513483871  1.18349513483871  0.44948284709677  0.30452705806452  0.30452705787097  0.11531966719355  0.74548581483871  0.74548581483871  0.20205768709677  0.19115082984516  0.19115082952258  0.15204501481290  0.61308750257742  0.61308750290323  0.03759873161290  0.57584687425806  0.57584687425806  0.21062477803226  0.20775829619032  0.20775829621613  -0.00524636644839  0.17610501554839  0.17610501558065  -0.01061083148387  0.19766900014516  0.19766900017742  0.04867239346774  0.11945683007419  0.11945683010645  0.07382766818387
0.74194093193548  0.22909038134839  0.15958836890323  0.36788319204194  0.31766832206000  -0.09893292077419  0.37483904418710  0.20224850258065  0.00000000000000  0.15240147038710  0.15240147038710  0.12057233948387  0.14893788900000  0.14893788967742  0.10308391864516  0.29866827032258  0.29866827032258  0.15220290232258  0.16538406324839  0.16538406296129  0.12278324041290  0.27363069419355  0.27363069422903  -0.02100282654839  0.14575414710968  0.14575414685484  -0.04509336937097  0.77809601064516  0.77809601064516  0.12883660774194  0.49714689632581  0.49714689629677  0.16916221767419  0.34768516345161  0.34768516354839  0.10576069470968  0.21236365583871  0.21236365583871  0.16266635409677  0.38128961534839  0.38128961502903  0.08007184238710  0.04130190558065  0.04130190580645  0.06170364522581  0.14331301852581  0.14331301852903  -0.07634822508710
0.23344050838710  0.34096140902258  0.42260129329032  0.20797114150484  0.89188991553548  0.60130515712903  0.03410001235161  0.88759111858064  0.15240147038710  0.00000000000000  0.14445502858065  0.14445502848387  0.07007804367742  0.12321312553548  0.12321312598387  -0.03762079543871  0.15180234625806  0.15180234625806  0.04409144996774  0.16247571345806  0.16247571313548  0.04717715828387  0.11093216103226  0.11093216135484  0.06243018374194  0.17121518725806  0.17121518696774  0.01042876893548  0.29220072019677  0.29220071990000  -0.02245536990323  0.12223294300968  0.12223294296129  -0.08298160236452  0.11589570242258  0.11589570239032  0.09685910032903  1.44062148935484  1.44062148935484  0.53509909838710  0.51992609412903  0.51992609412903  0.17924800187097  0.17080893773548  0.17080893741290  -0.03225901471613  0.16996929033871  0.16996929034516
0.78597194322581  0.34096140899032  0.42260129338710  0.29227337524839  0.89188991553548  0.60130515712903  0.50412240632258  0.88759111858064  0.15240147038710  0.14445502858065  0.00000000000000  0.01987902347419  0.21197885577419  0.21197885574194  0.05988355496774  0.25706711737097  0.25706711740323  0.05410587275806  0.18860819306452  0.18860819309677  0.02654437177419  0.98341228096774  0.98341228129032  0.01853049903226  1.01108729677419  1.01108729677419  0.28266717483871  0.98724921580645  0.98724921580645  0.41212865000000  0.82477196548387  0.82477196516129  0.22694200290323  0.44243805493548  0.44243805812903  0.11229825148387  0.86606263354839  0.86606263354839  0.14929201870968  0.26270815422581  0.26270815429032  0.18578402867742  0.70467124735484  0.70467124735484  0.11661149967742  0.13650031704516  0.13650031707419  0.08827829846452
0.78597194290323  0.11062381663226  0.07410239351613  0.29227337524839  0.42265437994839  -0.07116066738710  0.50412240632258  0.30419339341935  0.12057233948387  0.14445502848387  0.01987902347419  0.00000000000000  0.77903129000000  0.77903129000000  0.20073388935484  0.57003267067742  0.57003267067742  0.05573728764516  0.16039572495484  0.16039572498710  -0.11986447621290  0.15505175032258  0.15505175074194  -0.03054631183871  0.15872027459677  0.15872027463226  -0.01744066011290  0.11693652920323  0.11693652923548  0.00225302076774  0.15367757369355  0.15367757359677  0.12747326659677  0.18636598545161  0.18636598606452  0.08001400454839  0.30502747910968  0.30502747910323  0.01896967818710  0.15035623754839  0.15035623729032  0.08887667532258  0.35122530509677  0.35122530538710  0.04922310603226  0.15736179119355  0.15736179122581  -0.02895021267742
0.27548659032258  0.62801491741935  0.28035259832258  0.19730705918387  0.52015857700000  0.34044104044194  0.05584870374194  0.79220386480645  0.14893788900000  0.07007804367742  0.21197885577419  0.77903129000000  0.00000000000000  0.78445028000000  0.78445028000000  0.18726675096774  0.63815874735806  0.63815874728387  0.11630574211290  0.38136137130645  0.38136137137516  0.07075159255194  0.25649287116774  0.25649287152258  0.02667167844516  0.37117319741935  0.37117319741935  0.16869230787097  0.04955754957097  0.04955754979677  -0.03308210681935  0.15827896800000  0.15827896803452  -0.10417095190290  0.14143891441935  0.14143891429032  0.01581846896774  0.14216970914194  0.14216970923871  -0.12411787796774  0.15665334035484  0.15665334070968  -0.09527757467742  0.16115492570645  0.16115492554194  0.03164872713226  0.13013468515806  0.13013468547742
0.47017132625806  0.62801491741935  0.28035259800000  0.33094680397677  0.52015857700000  0.34044104044194  0.43260820283871  0.79220386480645  0.14893788967742  0.12321312553548  0.21197885574194  0.77903129000000  0.78445028000000  0.00000000000000  -0.03385378473548  0.18480994590323  0.18480994577419  -0.08955023993548  0.34136767183871  0.34136767190323  0.07979715400000  0.11034237977419  0.11034237977419  0.04017037306452  0.12038109940968  0.12038109937742  0.08217082421613  0.44691365177419  0.44691365177419  -0.00005200854839  0.17292955503226  0.17292955500000  0.01131634432258  0.15985933754839  0.15985933754839  0.03453427609677  0.18439782185161  0.18439782211290  -0.03695406291935  0.23762364567742  0.23762364535806  0.03246142064516  0.18320276031290  0.18320275995806  -0.01843210602258  0.87188855541935  0.87188855541935  0.29991708845161
0.47017132622581  -0.05382316161290  0.07980552541935  0.33094680398290  0.25779013848387  0.03277760586452  0.43260820274194  0.40331677516129  0.10308391864516  0.12321312598387  0.05988355496774  0.20073388935484  0.78445028000000  -0.03385378473548  0.00000000000000  0.93065691387097  0.93065691387097  0.45179435838710  0.95901153735484  0.95901153735484  0.24474433154839  0.84637900387097  0.84637900387097  0.50408422451613  0.47458062300000  0.47458062235484  0.12752918938710  0.97822109000000  0.97822109000000  0.24838651774194  0.32765577832258  0.32765577832258  -0.00914775238710  0.86434836738710  0.86434836803226  0.00969065100000  0.22858491532258  0.22858491564516  0.26827945319355  0.74044760100968  0.74044760100968  0.17645758236452  0.76430787800613  0.76430787771484  0.28226023255226  0.16843929151613  0.16843929151613  0.08576228087097
0.05661989316129  0.56304333158065  0.44921200258065  0.05142173353548  0.54669436419355  0.35895025583871  -0.13778026290323  0.42478922652194  0.29866827032258  -0.03762079543871  0.25706711737097  0.57003267067742  0.18726675096774  0.18480994590323  0.93065691387097  0.00000000000000  0.21457004236452  0.21457004269355  0.09033037804839  0.15796463551613  0.15796463548387  0.04833296925806  0.11811325732258  0.11811325732258  0.03720876409677  0.15382253183548  0.15382253150968  0.02612787131935  0.20305525659032  0.20305525749677  -0.00656026433226  0.32868906987097  0.32868906983871  0.02937876461290  0.16496828325806  0.16496828293548  0.01567723687097  0.35650893964516  0.35650893996774  0.05519438641935  0.19492077806452  0.19492077774194  0.01592915545161  0.84757939612903  0.84757939612903  0.17384100129032  0.62441899842581  0.62441899836129
0.25558835958065  0.56304333158065  0.44921200258065  0.44762343180645  0.54669436451613  0.35895025583871  0.40754050022581  0.42478922655419  0.29866827032258  0.15180234625806  0.25706711740323  0.57003267067742  0.63815874735806  0.18480994577419  0.93065691387097  0.21457004236452  0.00000000000000  0.06238550207097  0.44681514718387  0.44681514689355  0.28879137323871  0.30822939303226  0.30822939270968  0.00822538470968  0.49289111095935  0.49289111128968  0.08055877922613  0.08732408987097  0.08732409019355  0.06115857648387  0.20591153231935  0.20591153203226  -0.02323419414516  0.12406740274516  0.12406740264839  -0.03871361209355  0.14730710038387  0.14730710067419  0.03830374289677  0.16920674945161  0.16920674941935  0.10508901364516  0.17235790418065  0.17235790350323  0.14697587098065  0.15456209835484  0.15456209867742  0.03662140138710
0.25558835961290  0.15046863483871  0.04685485838710  0.44762343180645  0.02289912290323  0.01196294774194  0.40754050022581  0.22212462784258  0.15220290232258  0.15180234625806  0.05410587275806  0.05573728764516  0.63815874728387  -0.08955023993548  0.45179435838710  0.21457004269355  0.06238550207097  0.00000000000000  0.21274953863548  0.21274953828387  0.05131960045806  0.35540858115806  0.35540858125484  -0.11768505700323  0.12082642890968  0.12082642890323  0.00317463779677  0.17200171949032  0.17200171923226  0.04375604673548  0.93300088032258  0.93300088032258  0.49102153322581  1.02268743274194  1.02268743274194  0.71801655790323  0.65384815519355  0.65384815519355  0.40365320164516  0.71240751774194  0.71240751774194  0.41863995580645  0.59075461206452  0.59075461206452  0.39591764487097  0.52905009554839  0.52905009554839  0.16174954758065
-0.00460556267742  0.36916064148387  0.20971449148387  -0.08423883787097  0.60221129970968  0.44607954038710  0.15218928558065  1.18349513483871  0.16538406324839  0.04409144996774  0.18860819306452  0.16039572495484  0.11630574211290  0.34136767183871  0.95901153735484  0.09033037804839  0.44681514718387  0.21274953863548  0.00000000000000  0.41228892483871  0.41228892483871  0.20047618290323  0.42225483393548  0.42225483393548  0.11645038670968  0.46696665654839  0.46696665654839  0.20649689506452  0.46432669229032  0.46432669229032  0.01121635403226  0.43951779029032  0.43951779029032  -0.04055876258065  0.45142356061290  0.45142356054839  0.00242491403226  0.49563246812903  0.49563246812903  -0.10500238864516  0.37357442558065  0.37357442622581  -0.05941503190323  0.99226093709677  0.99226093709677  0.36261279967742  0.73234945464516  0.73234945496774
0.30040320407419  0.36916064148387  0.20971449154839  0.35672537006613  0.60221129938710  0.44607954038710  1.29418183096774  1.18349513483871  0.16538406296129  0.16247571345806  0.18860819309677  0.16039572498710  0.38136137130645  0.34136767190323  0.95901153735484  0.15796463551613  0.44681514689355  0.21274953828387  0.41228892483871  0.00000000000000  -0.20019755341935  0.69472096780645  0.69472096780645  0.10418549554839  0.61964904870968  0.61964904870968  0.03894941225806  0.58021023177419  0.58021023177419  0.29195610854839  0.55952906509677  0.55952906509677  0.34931839780645  0.48771113861290  0.48771113796774  0.20374278609677  0.48078252868323  0.48078252900548  0.14544463570323  0.68744549306452  0.68744549306452  0.41676514435484  0.50966802193548  0.50966802193548  0.28039454258065  0.55237211332258  0.55237211332258  0.26417665558065
0.30040320410323  -0.13934175225806  0.04926964467742  0.35672537006323  -0.05908774029032  0.05332539070968  1.29418183096774  0.44948284709677  0.12278324041290  0.16247571313548  0.02654437177419  -0.11986447621290  0.38136137137516  0.07979715400000  0.24474433154839  0.15796463548387  0.28879137323871  0.05131960045806  0.41228892483871  -0.20019755341935  0.00000000000000  0.45286990864516  0.45286990867742  0.02102567896774  0.42142800132258  0.42142800132258  -0.08907960190323  0.41373102403226  0.41373102370968  -0.06543774919355  0.43021637858065  0.43021637922581  -0.01799232838710  0.35903809734516  0.35903809734516  -0.07357257250968  0.51861073032258  0.51861073029032  -0.14037423996774  0.27780167651613  0.27780167651613  -0.10476756109677  0.46152617661290  0.46152617661290  0.15213610712903  0.48058729854194  0.48058729855161  0.12690189461290
0.03017844539355  0.33184451415484  0.30976597974194  -0.10361642434000  0.60737306126129  0.37443588793226  0.63014085774194  0.30452705806452  0.27363069419355  0.04717715828387  0.98341228096774  0.15505175032258  0.07075159255194  0.11034237977419  0.84637900387097  0.04833296925806  0.30822939303226  0.35540858115806  0.20047618290323  0.69472096780645  0.45286990864516  0.00000000000000  0.44575468194839  0.44575468188387  -0.00332725882581  0.40346713150323  0.40346713150323  -0.12880951591613  0.39631264890323  0.39631264858065  -0.01157670593548  0.33743719087097  0.33743719087097  0.03952518570968  0.32200711851613  0.32200711851613  -0.11498621203226  0.45106176741935  0.45106176741935  0.03980175129032  0.30507590684516  0.30507590639032  -0.09841502196129  0.25609573518710  0.25609573483871  -0.10737919337742  1.12276660064516  1.12276660064516
0.30949889712903  0.33184451418065  0.30976597932258  0.49674591760774  0.60737306158387  0.37443588793226  1.37338259290323  0.30452705787097  0.27363069422903  0.11093216103226  0.98341228129032  0.15505175074194  0.25649287116774  0.11034237977419  0.84637900387097  0.11811325732258  0.30822939270968  0.35540858125484  0.42225483393548  0.69472096780645  0.45286990867742  0.44575468194839  0.00000000000000  0.55751203870968  1.03795708322581  1.03795708322581  0.82755073419355  0.84715242709677  0.84715242709677  0.41677291935484  0.79060882619355  0.79060882619355  0.73845708219355  0.38300212967742  0.38300212967742  0.00223427858065  0.18467373470968  0.18467373535484  0.04236124290323  0.25003504961290  0.25003504929032  0.06304545109677  0.27616386732258  0.27616386729032  0.11049533522581  0.33139379060968  0.33139379060645  0.03581349489677
0.30949889712903  0.09687376635806  -0.08953014980645  0.49674591792806  0.23319562687419  0.09195168025484  1.37338259225806  0.11531966719355  -0.02100282654839  0.11093216135484  0.01853049903226  -0.03054631183871  0.25649287152258  0.04017037306452  0.50408422451613  0.11811325732258  0.00822538470968  -0.11768505700323  0.42225483393548  0.10418549554839  0.02102567896774  0.44575468188387  0.55751203870968  0.00000000000000  0.19495857825806  0.19495857858065  -0.00813347096774  0.30319199170968  0.30319199135484  -0.07061401629032  0.24615062645161  0.24615062645161  -0.04029566045161  0.31210658674194  0.31210658706452  -0.07593195119355  0.44363653725806  0.44363653732258  0.06998645296774  0.40387536059355  0.40387536059355  -0.06373517027097  0.68894709612903  0.68894709612903  0.11978200645161  0.59347338990323  0.59347339022581  0.11511366945161
0.04958032019355  0.26088716161290  0.30566737660968  -0.02835402981258  0.63304099580645  0.59186978075484  0.80936870580645  0.74548581483871  0.14575414710968  0.06243018374194  1.01108729677419  0.15872027459677  0.02667167844516  0.12038109940968  0.47458062300000  0.03720876409677  0.49289111095935  0.12082642890968  0.11645038670968  0.61964904870968  0.42142800132258  -0.00332725882581  1.03795708322581  0.19495857825806  0.00000000000000  0.98386129064516  0.98386129064516  0.89396479516129  0.75709782677419  0.75709782677419  0.38799975967742  0.71901457677419  0.71901457677419  0.36912237580645  0.61049548109677  0.61049548174194  0.19009128593548  0.70739644451613  0.70739644451613  0.42908645096774  0.59406267277419  0.59406267306452  0.21767602596774  0.54354986267742  0.54354986235484  0.08986580048387  0.51014737248387  0.51014737248387
0.30945631258065  0.26088716167742  0.30566737653871  0.35142353858065  0.63304099548387  0.59186978075484  0.43721335480645  0.74548581483871  0.14575414685484  0.17121518725806  1.01108729677419  0.15872027463226  0.37117319741935  0.12038109937742  0.47458062235484  0.15382253183548  0.49289111128968  0.12082642890323  0.46696665654839  0.61964904870968  0.42142800132258  0.40346713150323  1.03795708322581  0.19495857858065  0.98386129064516  0.00000000000000  -0.09707667480645  0.24435875346452  0.24435875346129  -0.02817285805161  0.36755925735484  0.36755925735484  -0.09302584703226  0.33998824212903  0.33998824212903  -0.09836019787097  0.32581362183871  0.32581362187097  -0.10462874296774  0.38757547134839  0.38757547135161  -0.15117879409355  0.33758830451613  0.33758830454839  -0.10826339577419  0.46039783442903  0.46039783474839  0.13280938195806
0.30945631258065  0.00693141819355  -0.08516051941290  0.35142353858065  -0.05072506838710  0.06492878150000  0.43721335477419  0.20205768709677  -0.04509336937097  0.17121518696774  0.28266717483871  -0.01744066011290  0.37117319741935  0.08217082421613  0.12752918938710  0.15382253150968  0.08055877922613  0.00317463779677  0.46696665654839  0.03894941225806  -0.08907960190323  0.40346713150323  0.82755073419355  -0.00813347096774  0.98386129064516  -0.09707667480645  0.00000000000000  0.61213509300000  0.61213509300000  -0.03035286138710  0.50015775514839  0.50015775517097  -0.03589213804839  0.43235221950323  0.43235221947097  -0.03348991182581  0.52435417364516  0.52435417370645  0.01016978697742  0.38786686229032  0.38786686229032  -0.01812134854839  0.35285634912903  0.35285634912903  -0.07356641622581  0.44197511445161  0.44197511477419  0.03905759264516
0.16039917767742  0.25256302545161  0.31618296641935  -0.02712113406452  0.58524142667742  0.48336962664194  0.09003576416129  0.19115082984516  0.77809601064516  0.01042876893548  0.98724921580645  0.11693652920323  0.16869230787097  0.44691365177419  0.97822109000000  0.02612787131935  0.08732408987097  0.17200171949032  0.20649689506452  0.58021023177419  0.41373102403226  -0.12880951591613  0.84715242709677  0.30319199170968  0.89396479516129  0.24435875346452  0.61213509300000  0.00000000000000  0.34513007274194  0.34513007245161  -0.07888379496774  0.31462638693548  0.31462638690323  0.02995420387097  0.75464694012903  0.75464694012903  0.46849481625806  0.80113283680645  0.80113283680645  0.51398135422581  0.86681070975161  0.86681070975194  0.61042949476323  0.32786207103226  0.32786207103226  0.06527162761290  0.16204179952903  0.16204179953548
0.28071761383548  0.25256302548387  0.31618296641935  0.40518762816129  0.58524142700000  0.48336962696452  0.16995061180645  0.19115082952258  0.77809601064516  0.29220072019677  0.98724921580645  0.11693652923548  0.04955754957097  0.44691365177419  0.97822109000000  0.20305525659032  0.08732409019355  0.17200171923226  0.46432669229032  0.58021023177419  0.41373102370968  0.39631264890323  0.84715242709677  0.30319199135484  0.75709782677419  0.24435875346129  0.61213509300000  0.34513007274194  0.00000000000000  0.08542744242903  0.24532901119032  0.24532901122258  0.01912192567419  0.29326872932903  0.29326872932903  0.09538325306774  0.41411760203226  0.41411760203226  0.07720392738710  0.27489258161290  0.27489258164516  0.03474580919355  0.44312556432258  0.44312556429032  0.12199603293548  0.32992126547097  0.32992126547097  0.05863813837419
0.28071761383226  0.06145475245161  -0.12819910925806  0.40518762816129  0.02706163770968  -0.05131308354516  0.16995061180645  0.15204501481290  0.12883660774194  0.29220071990000  0.41212865000000  0.00225302076774  0.04955754979677  -0.00005200854839  0.24838651774194  0.20305525749677  0.06115857648387  0.04375604673548  0.46432669229032  0.29195610854839  -0.06543774919355  0.39631264858065  0.41677291935484  -0.07061401629032  0.75709782677419  -0.02817285805161  -0.03035286138710  0.34513007245161  0.08542744242903  0.00000000000000  0.45985290277419  0.45985290277419  -0.06262636838710  0.60978430229032  0.60978430229032  0.10862208093548  0.52259007583871  0.52259007583871  0.00298228725806  1.06239323387097  1.06239323354839  0.26574255064516  0.71473662709677  0.71473662709677  0.06903235451613  0.83402548548387  0.83402548548387  0.31551850290323
0.05906312287742  0.22349180803226  0.29531673480645  0.01255966932258  0.40446401222581  0.52898715861290  0.04191452887097  0.61308750257742  0.49714689632581  -0.02245536990323  0.82477196548387  0.15367757369355  -0.03308210681935  0.17292955503226  0.32765577832258  -0.00656026433226  0.20591153231935  0.93300088032258  0.01121635403226  0.55952906509677  0.43021637858065  -0.01157670593548  0.79060882619355  0.24615062645161  0.38799975967742  0.36755925735484  0.50015775514839  -0.07888379496774  0.24532901119032  0.45985290277419  0.00000000000000  0.99638541032258  0.99638541032258  0.54585012903226  0.74279171258065  0.74279171258065  0.32353679451613  0.63326803451613  0.63326803419355  0.03190632967742  0.78975392753226  0.78975392753226  0.49163291140323  0.80098783548387  0.80098783516129  0.48374774516129  0.61659348064516  0.61659348064516
0.62022589932258  0.22349180829032  0.29531673483871  0.46199839048387  0.40446401222581  0.52898715845161  0.18585226364194  0.61308750290323  0.49714689629677  0.12223294300968  0.82477196516129  0.15367757359677  0.15827896800000  0.17292955500000  0.32765577832258  0.32868906987097  0.20591153203226  0.93300088032258  0.43951779029032  0.55952906509677  0.43021637922581  0.33743719087097  0.79060882619355  0.24615062645161  0.71901457677419  0.36755925735484  0.50015775517097  0.31462638693548  0.24532901122258  0.45985290277419  0.99638541032258  0.00000000000000  0.06268359032258  0.57052744290323  0.57052744290323  -0.05324480258065  0.28718953025806  0.28718953025806  0.06542830451613  0.36492439021613  0.36492439021613  -0.03434573537742  0.42201688658065  0.42201688658065  -0.02281654606452  0.36456937371935  0.36456937372258  -0.05081559713871
0.62022589932258  -0.01719281474194  -0.02177705770968  0.46199839045161  -0.03225423158065  -0.26299045425806  0.18585226371290  0.03759873161290  0.16916221767419  0.12223294296129  0.22694200290323  0.12747326659677  0.15827896803452  0.01131634432258  -0.00914775238710  0.32868906983871  -0.02323419414516  0.49102153322581  0.43951779029032  0.34931839780645  -0.01799232838710  0.33743719087097  0.73845708219355  -0.04029566045161  0.71901457677419  -0.09302584703226  -0.03589213804839  0.31462638690323  0.01912192567419  -0.06262636838710  0.99638541032258  0.06268359032258  0.00000000000000  0.46461921241935  0.46461921241935  -0.02209698206452  0.40706014916129  0.40706014948387  -0.06001471187097  0.51302735451613  0.51302735387097  0.08423924451613  0.81899992193548  0.81899992225806  0.19788983774194  0.59112803667742  0.59112803667742  -0.02283780377419
0.02050848712903  0.25512947354839  0.27361773641935  0.00649355629032  0.50979684225806  0.55169348693548  0.02353688486452  0.57584687425806  0.34768516345161  -0.08298160236452  0.44243805493548  0.18636598545161  -0.10417095190290  0.15985933754839  0.86434836738710  0.02937876461290  0.12406740274516  1.02268743274194  -0.04055876258065  0.48771113861290  0.35903809734516  0.03952518570968  0.38300212967742  0.31210658674194  0.36912237580645  0.33998824212903  0.43235221950323  0.02995420387097  0.29326872932903  0.60978430229032  0.54585012903226  0.57052744290323  0.46461921241935  0.00000000000000  0.56122532506129  0.56122532506129  -0.06173253822258  0.59171425274194  0.59171425274194  -0.18144755629032  0.44766908619677  0.44766908587419  -0.03912546297097  0.41703263867742  0.41703263900000  -0.08143481029032  0.49222930080645  0.49222930112903
0.67524753903226  0.25512947390323  0.27361773609677  0.32509740990323  0.50979684225806  0.55169348696774  0.19914994842258  0.57584687425806  0.34768516354839  0.11589570242258  0.44243805812903  0.18636598606452  0.14143891441935  0.15985933754839  0.86434836803226  0.16496828325806  0.12406740264839  1.02268743274194  0.45142356061290  0.48771113796774  0.35903809734516  0.32200711851613  0.38300212967742  0.31210658706452  0.61049548109677  0.33998824212903  0.43235221947097  0.75464694012903  0.29326872932903  0.60978430229032  0.74279171258065  0.57052744290323  0.46461921241935  0.56122532506129  0.00000000000000  0.12709905048387  0.41939394995484  0.41939395027742  -0.10458647227742  0.33273197596774  0.33273197561290  0.01254936235484  1.06601430451613  1.06601430451613  0.60148529354839  1.13924934258065  1.13924934258065  0.96319635483871
0.67524753870968  0.10016430138710  0.02029816661290  0.32509740990323  0.03991475645161  0.02877545164516  0.19914994842581  0.21062477803226  0.10576069470968  0.11589570239032  0.11229825148387  0.08001400454839  0.14143891429032  0.03453427609677  0.00969065100000  0.16496828293548  -0.03871361209355  0.71801655790323  0.45142356054839  0.20374278609677  -0.07357257250968  0.32200711851613  0.00223427858065  -0.07593195119355  0.61049548174194  -0.09836019787097  -0.03348991182581  0.75464694012903  0.09538325306774  0.10862208093548  0.74279171258065  -0.05324480258065  -0.02209698206452  0.56122532506129  0.12709905048387  0.00000000000000  0.36200925492258  0.36200925489032  0.21300522633548  0.20504531387097  0.20504531388710  0.21556965045161  0.28234158251613  0.28234158251613  0.16888926225806  0.30169462110645  0.30169462110645  0.14245669236452
0.21094244645161  0.38923550144516  0.17614825080645  0.00453022054839  0.43587875480645  0.49116051661290  0.02056311629677  0.20775829619032  0.21236365583871  0.09685910032903  0.86606263354839  0.30502747910968  0.01581846896774  0.18439782185161  0.22858491532258  0.01567723687097  0.14730710038387  0.65384815519355  0.00242491403226  0.48078252868323  0.51861073032258  -0.11498621203226  0.18467373470968  0.44363653725806  0.19009128593548  0.32581362183871  0.52435417364516  0.46849481625806  0.41411760203226  0.52259007583871  0.32353679451613  0.28718953025806  0.40706014916129  -0.06173253822258  0.41939394995484  0.36200925492258  0.00000000000000  0.37015484067742  0.37015484064516  0.04403174883871  0.25212471087097  0.25212471087097  0.08636823477419  0.28572781427742  0.28572781395161  -0.01235450328065  0.27911698377419  0.27911698377419
0.68543503025806  0.38923550112581  0.17614825048387  0.22165204370968  0.43587875480645  0.49116051564516  0.22569239582581  0.20775829621613  0.21236365583871  1.44062148935484  0.86606263354839  0.30502747910323  0.14216970914194  0.18439782211290  0.22858491564516  0.35650893964516  0.14730710067419  0.65384815519355  0.49563246812903  0.48078252900548  0.51861073029032  0.45106176741935  0.18467373535484  0.44363653732258  0.70739644451613  0.32581362187097  0.52435417370645  0.80113283680645  0.41411760203226  0.52259007583871  0.63326803451613  0.28718953025806  0.40706014948387  0.59171425274194  0.41939395027742  0.36200925489032  0.37015484067742  0.00000000000000  -0.04586620758065  0.33865951587097  0.33865951587097  -0.06449894496774  0.44941354609677  0.44941354612903  -0.01363017325806  0.39059959387097  0.39059959387097  0.00990488870968
0.68543503025806  0.18617728519032  -0.03569521464516  0.22165204370968  0.05271526706452  -0.15873696861290  0.22569239615161  -0.00524636644839  0.16266635409677  1.44062148935484  0.14929201870968  0.01896967818710  0.14216970923871  -0.03695406291935  0.26827945319355  0.35650893996774  0.03830374289677  0.40365320164516  0.49563246812903  0.14544463570323  -0.14037423996774  0.45106176741935  0.04236124290323  0.06998645296774  0.70739644451613  -0.10462874296774  0.01016978697742  0.80113283680645  0.07720392738710  0.00298228725806  0.63326803419355  0.06542830451613  -0.06001471187097  0.59171425274194  -0.10458647227742  0.21300522633548  0.37015484064516  -0.04586620758065  0.00000000000000  0.59132572763710  0.59132572763548  0.05949887602323  0.56573126583871  0.56573126616129  -0.01295261480645  0.94111548550323  0.94111548550000  0.61562974033871
0.23728395038710  0.28500934435484  0.24949712093548  0.03781832693548  0.48724289625806  0.49231378741935  0.13175149062258  0.17610501554839  0.38128961534839  0.53509909838710  0.26270815422581  0.15035623754839  -0.12411787796774  0.23762364567742  0.74044760100968  0.05519438641935  0.16920674945161  0.71240751774194  -0.10500238864516  0.68744549306452  0.27780167651613  0.03980175129032  0.25003504961290  0.40387536059355  0.42908645096774  0.38757547134839  0.38786686229032  0.51398135422581  0.27489258161290  1.06239323387097  0.03190632967742  0.36492439021613  0.51302735451613  -0.18144755629032  0.33273197596774  0.20504531387097  0.04403174883871  0.33865951587097  0.59132572763710  0.00000000000000  0.66078164580645  0.66078164580645  0.53430189096774  0.83211931264516  0.83211931264516  0.60894663735484  0.64247556777419  0.64247556809677
0.72741147451613  0.28500934403226  0.24949712093548  0.33612397568774  0.48724289625806  0.49231378745161  0.19183492869484  0.17610501558065  0.38128961502903  0.51992609412903  0.26270815429032  0.15035623729032  0.15665334035484  0.23762364535806  0.74044760100968  0.19492077806452  0.16920674941935  0.71240751774194  0.37357442558065  0.68744549306452  0.27780167651613  0.30507590684516  0.25003504929032  0.40387536059355  0.59406267277419  0.38757547135161  0.38786686229032  0.86681070975161  0.27489258164516  1.06239323354839  0.78975392753226  0.36492439021613  0.51302735387097  0.44766908619677  0.33273197561290  0.20504531388710  0.25212471087097  0.33865951587097  0.59132572763548  0.66078164580645  0.00000000000000  0.32453137693548  0.69823509838710  0.69823509838710  0.59819448935484  0.64765911700000  0.64765911700000  0.30921718667742
0.72741147483871  0.00112565074194  0.01389106903226  0.33612397569419  0.03085068683871  -0.01628959512903  0.19183492869581  -0.01061083148387  0.08007184238710  0.51992609412903  0.18578402867742  0.08887667532258  0.15665334070968  0.03246142064516  0.17645758236452  0.19492077774194  0.10508901364516  0.41863995580645  0.37357442622581  0.41676514435484  -0.10476756109677  0.30507590639032  0.06304545109677  -0.06373517027097  0.59406267306452  -0.15117879409355  -0.01812134854839  0.86681070975194  0.03474580919355  0.26574255064516  0.78975392753226  -0.03434573537742  0.08423924451613  0.44766908587419  0.01254936235484  0.21556965045161  0.25212471087097  -0.06449894496774  0.05949887602323  0.66078164580645  0.32453137693548  0.00000000000000  0.62515689393548  0.62515689361290  0.06081060877419  0.60301775322581  0.60301775354839  -0.15267304387097
0.17865999129032  0.37018380225806  0.35361631163226  0.12723830904097  0.58108270338710  0.45943971501935  0.11139906279548  0.19766900014516  0.04130190558065  0.17924800187097  0.70467124735484  0.35122530509677  -0.09527757467742  0.18320276031290  0.76430787800613  0.01592915545161  0.17235790418065  0.59075461206452  -0.05941503190323  0.50966802193548  0.46152617661290  -0.09841502196129  0.27616386732258  0.68894709612903  0.21767602596774  0.33758830451613  0.35285634912903  0.61042949476323  0.44312556432258  0.71473662709677  0.49163291140323  0.42201688658065  0.81899992193548  -0.03912546297097  1.06601430451613  0.28234158251613  0.08636823477419  0.44941354609677  0.56573126583871  0.53430189096774  0.69823509838710  0.62515689393548  0.00000000000000  0.25298720483226  0.25298720518710  0.08156605121935  0.40287393900000  0.40287393903226
0.54205434993548  0.37018380225806  0.35361631163226  0.43085052470000  0.58108270338710  0.45943971534194  0.84431653507419  0.19766900017742  0.04130190580645  0.17080893773548  0.70467124735484  0.35122530538710  0.16115492570645  0.18320275995806  0.76430787771484  0.84757939612903  0.17235790350323  0.59075461206452  0.99226093709677  0.50966802193548  0.46152617661290  0.25609573518710  0.27616386729032  0.68894709612903  0.54354986267742  0.33758830454839  0.35285634912903  0.32786207103226  0.44312556429032  0.71473662709677  0.80098783548387  0.42201688658065  0.81899992225806  0.41703263867742  1.06601430451613  0.28234158251613  0.28572781427742  0.44941354612903  0.56573126616129  0.83211931264516  0.69823509838710  0.62515689361290  0.25298720483226  0.00000000000000  -0.13195504506452  0.37274584548387  0.37274584548387  -0.13034951109677
0.54205434964516  0.10342738777419  -0.01209080940000  0.43085052470000  0.06039426016129  0.01157661059032  0.84431653510645  0.04867239346774  0.06170364522581  0.17080893741290  0.11661149967742  0.04922310603226  0.16115492554194  -0.01843210602258  0.28226023255226  0.84757939612903  0.14697587098065  0.39591764487097  0.99226093709677  0.28039454258065  0.15213610712903  0.25609573483871  0.11049533522581  0.11978200645161  0.54354986235484  -0.10826339577419  -0.07356641622581  0.32786207103226  0.12199603293548  0.06903235451613  0.80098783516129  -0.02281654606452  0.19788983774194  0.41703263900000  0.60148529354839  0.16888926225806  0.28572781395161  -0.01363017325806  -0.01295261480645  0.83211931264516  0.59819448935484  0.06081060877419  0.25298720518710  -0.13195504506452  0.00000000000000  0.35722584902903  0.35722584902903  -0.06018699483548
0.08683164687097  0.32207478074194  0.24458199438710  0.03194338702258  0.59700707605161  0.39783677722581  0.09515567565484  0.11945683007419  0.14331301852581  -0.03225901471613  0.13650031704516  0.15736179119355  0.03164872713226  0.87188855541935  0.16843929151613  0.17384100129032  0.15456209835484  0.52905009554839  0.36261279967742  0.55237211332258  0.48058729854194  -0.10737919337742  0.33139379060968  0.59347338990323  0.08986580048387  0.46039783442903  0.44197511445161  0.06527162761290  0.32992126547097  0.83402548548387  0.48374774516129  0.36456937371935  0.59112803667742  -0.08143481029032  1.13924934258065  0.30169462110645  -0.01235450328065  0.39059959387097  0.94111548550323  0.60894663735484  0.64765911700000  0.60301775322581  0.08156605121935  0.37274584548387  0.35722584902903  0.00000000000000  0.38537468420323  0.38537468420323
