0.00000000000000  1.22893882548387  1.22893882548387  0.74256742838710  1.10671335580645  1.10671335580645  0.57933837806452  0.75631442000000  0.75631442032258  0.23383284129032  0.77198468670968  0.77198468703226  0.44539245606452  0.54036399972581  0.54036399939677  0.03961944037419  0.31853823916129  0.31853823848387  -0.21695054951613  0.44868225629032  0.44868225596774  0.04245408435484  0.39011897854194  0.39011897857742  -0.04879529129677  0.50354870003226  0.50354870038710  0.33099183158065  0.36105487596774  0.36105487596774  0.13196471161290  0.84654626658065  0.84654626625806  -0.00090846367742  0.78652220609677  0.78652220609677  0.34325559996774  0.86451156422581  0.86451156454839  0.57116414738710  0.80333148616129  0.80333148632258  0.30785229390323  0.54626414941935  0.54626414909677  0.21775885909677  1.09461823990323  1.09461823990323
1.22893882548387  0.00000000000000  0.85252471622581  0.70869560045161  0.70869560048387  0.48080912712903  0.58550090903226  0.58550090806452  0.29234618877419  0.44765274996774  0.44765274996774  -0.10220348841935  0.45836463241935  0.45836463241935  0.07263889061290  0.47101337347097  0.47101337347097  0.09973203798710  0.35200991954839  0.35200991919355  0.00920279754839  0.15770728570968  0.15770728551613  0.27094429587097  0.40561979047097  0.40561979014516  -0.07478997311613  0.18667400341935  0.18667400341935  -0.04741181909677  0.38414597360323  0.38414597360323  -0.01954146788065  0.32489792373548  0.32489792318710  -0.06728099881290  0.59359528238710  0.59359528254839  0.19868872580645  0.28503242190323  0.28503242158065  -0.05170686196774  0.50562197729032  0.50562197729032  -0.10466207583871  0.29848303267742  0.29848303267742  0.04481011429032
1.22893882548387  0.85252471622581  0.00000000000000  0.72233985861613  0.72233985884516  0.35057288983226  0.67067457519355  0.67067457422581  0.17654138132258  0.62400535006452  0.62400534974194  0.33550983477419  0.37522324445161  0.37522324096774  0.10827509293548  0.33018783667742  0.33018783700000  0.05147851590323  0.30915461096774  0.30915461161290  -0.08023259077419  0.23563746074194  0.23563746106452  -0.09651596203226  0.20682770400000  0.20682770303226  0.26132106348387  0.06632452425806  0.06632452364516  -0.10263689977419  0.20554065422581  0.20554065374194  -0.13169302951613  0.12828882141935  0.12828882174194  -0.08785293987097  0.19985047180000  0.19985047309032  -0.05760985728710  0.08303152090323  0.08303152035484  0.08043503887097  0.42428351258065  0.42428351551613  -0.24492643361290  0.08227649896774  0.08227649922581  -0.12181589658065
0.74256742838710  0.70869560045161  0.72233985861613  0.00000000000000  0.33503632174194  0.33503632141935  -0.12868804264516  0.55577291109677  0.55577291109677  0.28156751787097  0.40834770147097  0.40834770147419  0.22899513437419  0.34685092787097  0.34685092780645  -0.06700902803226  0.51461375203226  0.51461375200000  0.03156170500000  0.36860153741613  0.36860153741935  -0.08980057057742  0.45045780138710  0.45045780138710  0.05012033796774  0.43176194900000  0.43176194906452  -0.02443635319355  0.47507220448387  0.47507220483871  0.07470994351613  0.43824796102581  0.43824796098710  0.05626818906774  0.55626030696774  0.55626030693548  -0.22150761719355  0.42566669106452  0.42566669138710  0.11235560093548  0.58438129480645  0.58438129480645  0.28064840545161  0.55999630709677  0.55999630738710  0.19452565619355  0.61373920483871  0.61373920548387
1.10671335580645  0.70869560048387  0.72233985884516  0.33503632174194  0.00000000000000  0.24980171709677  0.60685917433548  0.60685917466129  0.24474321230645  0.89828985838710  0.89828985838710  0.19885627193548  0.55297240435484  0.55297240435484  0.20651228174194  0.46654340170968  0.46654340203226  -0.01844314829032  0.49707273970968  0.49707274293387  0.00750783841903  0.56717091451613  0.56717091451613  0.28761462232258  0.53149759380645  0.53149759380645  0.11165403154839  0.34729563675161  0.34729563634516  0.05753276762581  0.46588962617871  0.46588962614935  0.07944531585258  0.44101851232258  0.44101851264516  0.06331321987097  0.51535357119355  0.51535357119355  0.05083985212903  0.53788068954839  0.53788068890323  0.00887633103226  0.59738497700000  0.59738497729032  -0.02300261209677  0.57052853135484  0.57052853135484  -0.11423649606452
1.10671335580645  0.48080912712903  0.35057288983226  0.33503632141935  0.24980171709677  0.00000000000000  0.57940077012903  0.57940076980645  0.03171537245161  0.55232207716129  0.55232207716129  -0.07907635093548  0.49536968735484  0.49536968735484  0.15282439103226  0.67201585059032  0.67201584735806  0.12621772736129  0.55927945664516  0.55927945696774  0.16323046141935  0.45745420141935  0.45745420048387  0.06026695306452  0.42479319364516  0.42479319367742  -0.07090033922581  0.34434476965484  0.34434477033871  -0.16201243114839  0.42415885587097  0.42415885554839  -0.24422578535484  0.45452525035484  0.45452524941935  0.03706952703226  0.28944359132258  0.28944359122581  -0.27847257293548  0.39061718503226  0.39061718535484  -0.20563195922581  0.29759098419355  0.29759098512903  -0.08697138780645  0.27971110096774  0.27971110225806  -0.13156330419355
0.57933837806452  0.58550090903226  0.67067457519355  -0.12868804264516  0.60685917433548  0.57940077012903  0.00000000000000  0.20173371435484  0.20173371374194  0.03074151206452  0.40701250024839  0.40701250088710  0.07038748617742  0.21357346324194  0.21357346319355  0.07345947546129  0.37400931383871  0.37400931416129  -0.01094777332258  1.64880043032258  1.64880043061290  0.88514345032258  1.65030207829032  1.65030207796774  0.95807960958065  0.47760928731613  0.47760928763548  0.03180747408065  0.24575443951613  0.24575443948387  -0.02103031274194  0.26945379783871  0.26945379787097  -0.00812099822581  0.23657406116774  0.23657406117419  0.02265463625484  0.27733222330968  0.27733222327742  0.00050943265806  0.10719066497419  0.10719066497742  -0.06596570394194  1.10513889655484  1.10513889655484  0.02793938815161  1.13159208616129  1.13159208616129
0.75631442000000  0.58550090806452  0.67067457422581  0.55577291109677  0.60685917466129  0.57940076980645  0.20173371435484  0.00000000000000  0.41158039393548  1.15676700941935  1.15676700945161  0.40711599561290  0.95138575032258  0.95138575032258  0.37007481419355  0.58351823032258  0.58351823074194  0.24054161900000  1.30502395032258  1.30502395000000  0.81997116419355  0.63410464022903  0.63410464022581  0.27723177845161  0.75806150967742  0.75806150967742  0.13031270741935  0.34212721855935  0.34212721823774  0.06648938674774  0.50435113783871  0.50435113812903  0.08936091861290  0.62836533664839  0.62836533666129  0.31762312090000  0.22385569119355  0.22385569119355  -0.04400978558065  0.08325409125806  0.08325409190323  0.13547387296774  0.28496121460645  0.28496121428065  -0.12536681249677  0.05978835503226  0.05978835506452  -0.00256346974194
0.75631442032258  0.29234618877419  0.17654138132258  0.55577291109677  0.24474321230645  0.03171537245161  0.20173371374194  0.41158039393548  0.00000000000000  0.02112685193548  0.02112685200323  0.16160450729677  0.17651792800000  0.17651792896774  -0.06119504332258  0.33938701429032  0.33938701393548  -0.03392000380645  0.01876805886129  0.01876805886129  0.05128649471613  0.49231165670968  0.49231165670968  -0.02880700070968  0.12197145935806  0.12197145935806  0.16464662399677  0.80551912864516  0.80551912864516  0.27030736619355  0.71586962054839  0.71586962054839  0.41981552958065  0.44952914987097  0.44952914954839  -0.01793887058065  0.25082451074194  0.25082451170968  0.25662560119355  0.37553667574194  0.37553667590323  0.33444405767742  0.29911768577419  0.29911768541935  0.04360909396774  0.16680207309677  0.16680207245161  0.08806911883871
0.23383284129032  0.44765274996774  0.62400535006452  0.28156751787097  0.89828985838710  0.55232207716129  0.03074151206452  1.15676700941935  0.02112685193548  0.00000000000000  0.12674418493548  0.12674418551613  0.14802122825806  0.03164392709677  0.03164392741935  -0.03150958580645  0.24000768864516  0.24000768929032  -0.05202377412903  0.03923452554839  0.03923452529032  -0.18602026425806  0.08319581222581  0.08319581157742  -0.06517737069355  0.10337825225806  0.10337825193548  -0.06639185548387  0.42455377474194  0.42455377412903  -0.03188717583871  0.13320244862548  0.13320244847613  0.00318222654968  0.25845590800000  0.25845590577419  0.30209871590323  1.64711064590323  1.64711064622581  0.57974447538710  0.67849167741935  0.67849167777419  0.42677553638710  0.35721511687097  0.35721511719355  0.06935471248387  0.40933071587097  0.40933071622581
0.77198468670968  0.44765274996774  0.62400534974194  0.40834770147097  0.89828985838710  0.55232207716129  0.40701250024839  1.15676700945161  0.02112685200323  0.12674418493548  0.00000000000000  -0.12554435758065  0.32475208729032  0.32475208700000  0.00269781964516  0.34646756903226  0.34646756903226  -0.08336027322581  0.15874071825806  0.15874071858065  0.02131282200000  1.29851827819355  1.29851827816129  0.04554355441935  1.35471143503226  1.35471143503226  0.51557657045161  1.22089107548387  1.22089107548387  0.73591744709677  1.00313518129032  1.00313518161290  0.41075278387097  0.58069329161290  0.58069328870968  0.16436256806452  0.89612382064516  0.89612382000000  0.43682663838710  0.52313064900000  0.52313064577419  0.26343454825806  0.78522293516129  0.78522293516129  0.29428402548387  0.21501874483871  0.21501874419355  0.19934154854839
0.77198468703226  -0.10220348841935  0.33550983477419  0.40834770147419  0.19885627193548  -0.07907635093548  0.40701250088710  0.40711599561290  0.16160450729677  0.12674418551613  -0.12554435758065  0.00000000000000  0.67218566480645  0.67218566512903  0.13733088319355  0.83044302387097  0.83044302419355  0.32720635870968  0.28212134783871  0.28212134777419  0.00824342170968  0.05821201329032  0.05821201393548  -0.00341987832258  0.40863751441935  0.40863751448387  0.04630951951613  0.18719074280645  0.18719074245161  0.03336396993548  0.08390837322581  0.08390837322581  -0.00006613806452  0.25062653296774  0.25062653361290  0.06743992716129  0.43350871077871  0.43350871059774  0.18040186229226  0.06389415483871  0.06389415483871  0.07664561580645  0.53592104206452  0.53592104238710  0.13654563077419  0.08979487606452  0.08979487670968  0.18219216574194
0.44539245606452  0.45836463241935  0.37522324445161  0.22899513437419  0.55297240435484  0.49536968735484  0.07038748617742  0.95138575032258  0.17651792800000  0.14802122825806  0.32475208729032  0.67218566480645  0.00000000000000  0.93623353800000  0.93623353800000  0.30363637735484  0.73183698258065  0.73183698290323  0.53569966161290  0.34798063799839  0.34798063832839  0.12832345054419  0.13526699793548  0.13526699922581  0.14758343919355  0.44567891370968  0.44567891406452  0.28108334138710  0.22278523483871  0.22278523387097  0.04496310000000  0.05283812174194  0.05283812174194  0.19128408987097  0.23854560351613  0.23854560509355  0.13413790509677  -0.03733368374194  -0.03733368341935  -0.07571319796774  0.23499476312903  0.23499476022581  -0.25758607758065  0.16884529174194  0.16884529112903  -0.31410855183871  0.32344967129032  0.32344967070968
0.54036399972581  0.45836463241935  0.37522324096774  0.34685092787097  0.55297240435484  0.49536968735484  0.21357346324194  0.95138575032258  0.17651792896774  0.03164392709677  0.32475208700000  0.67218566512903  0.93623353800000  0.00000000000000  0.20232504387097  0.23914227532258  0.23914227535484  0.00309979900000  0.52782828106452  0.52782828041935  0.26728631267742  0.18188726274194  0.18188726300000  -0.13525482312903  0.18565556818581  0.18565556821548  0.10204319176613  0.42100167570968  0.42100167532258  0.14889393606452  0.20170017777419  0.20170017809677  0.10989927254839  0.22698141512903  0.22698141506452  0.08881841225806  0.22107416604839  0.22107416608065  0.20130324591935  0.25849590887097  0.25849590880645  0.09127174700000  0.07496952224516  0.07496952219355  0.14039258617097  1.03163584387097  1.03163584387097  0.30647736967742
0.54036399939677  0.07263889061290  0.10827509293548  0.34685092780645  0.20651228174194  0.15282439103226  0.21357346319355  0.37007481419355  -0.06119504332258  0.03164392741935  0.00269781964516  0.13733088319355  0.93623353800000  0.20232504387097  0.00000000000000  1.16641289851613  1.16641289851613  0.59601539329032  1.18098085225806  1.18098085225806  0.35068691029032  1.14522383193548  1.14522383225806  0.49658660225806  0.67431625548387  0.67431625529032  0.06340023770968  0.98152358529032  0.98152358432258  0.31771830012903  0.51308859819355  0.51308859812903  0.15135279480645  0.94366611274194  0.94366611222581  -0.02041481693548  0.28215819437097  0.28215819372581  -0.15668677320968  0.41184159800000  0.41184159829032  0.35820033458065  0.81426406467742  0.81426406467742  0.36000496383871  0.14610764125806  0.14610764125806  0.30019699522581
0.03961944037419  0.47101337347097  0.33018783667742  -0.06700902803226  0.46654340170968  0.67201585059032  0.07345947546129  0.58351823032258  0.33938701429032  -0.03150958580645  0.34646756903226  0.83044302387097  0.30363637735484  0.23914227532258  1.16641289851613  0.00000000000000  0.12675578496774  0.12675578561290  0.02821586096774  0.28973000160000  0.28973000160000  0.06641970967097  0.01015677573581  0.01015677539613  0.11518367282194  -0.01911438419355  -0.01911438422581  0.01972626935484  0.15059558759032  0.15059558823871  -0.07433140918387  0.28810183867742  0.28810183835484  0.05994233796774  -0.01608755235484  -0.01608755270968  -0.02193116586774  0.43604441900000  0.43604441900000  0.02793917874194  0.07616893564516  0.07616893564516  0.03451593654839  0.98191833038710  0.98191833332258  0.12650232300000  0.68556317764516  0.68556317767742
0.31853823916129  0.47101337347097  0.33018783700000  0.51461375203226  0.46654340203226  0.67201584735806  0.37400931383871  0.58351823074194  0.33938701393548  0.24000768864516  0.34646756903226  0.83044302419355  0.73183698258065  0.23914227535484  1.16641289851613  0.12675578496774  0.00000000000000  0.10573692429032  0.48322914829032  0.48322914887097  0.15728049174194  0.12013804300000  0.12013804429032  0.06836832632258  0.54955150258065  0.54955150225806  -0.03282702419355  0.22625269408161  0.22625269343839  0.00282474440903  0.17204339877097  0.17204339877097  -0.07280792425806  0.13235823125806  0.13235823222581  0.06248569677419  0.00255457580323  0.00255457646774  -0.04321758406774  0.23698208840323  0.23698208872581  0.03138315969355  0.05721611932903  0.05721611868387  -0.17498560609677  0.18072170506452  0.18072170441935  -0.04085441441935
0.31853823848387  0.09973203798710  0.05147851590323  0.51461375200000  -0.01844314829032  0.12621772736129  0.37400931416129  0.24054161900000  -0.03392000380645  0.24000768929032  -0.08336027322581  0.32720635870968  0.73183698290323  0.00309979900000  0.59601539329032  0.12675578561290  0.10573692429032  0.00000000000000  0.18433347438710  0.18433347435484  -0.01356503322581  0.51921840951613  0.51921840854839  -0.02901611325806  0.25142250448387  0.25142250377419  0.08453980719355  0.11590739638710  0.11590739670968  -0.03722215058065  1.04292320877419  1.04292320877419  0.45381497025806  1.32901803935484  1.32901803935484  0.71744191096774  0.69068009961290  0.69068009958065  0.36103107187097  0.92653387658065  0.92653387593548  0.27658201180645  0.77604117738710  0.77604117738710  0.23333666819355  0.64175652164516  0.64175652193548  0.24778907419355
-0.21695054951613  0.35200991954839  0.30915461096774  0.03156170500000  0.49707273970968  0.55927945664516  -0.01094777332258  1.30502395032258  0.01876805886129  -0.05202377412903  0.15874071825806  0.28212134783871  0.53569966161290  0.52782828106452  1.18098085225806  0.02821586096774  0.48322914829032  0.18433347438710  0.00000000000000  0.51882724141332  0.51882724141287  0.31817551367119  0.52887733441935  0.52887733438710  0.14017813438710  0.58586328283548  0.58586328286452  0.23327144415161  0.53224787467742  0.53224787145161  0.17165080570968  0.55821266596129  0.55821266584194  -0.02778965736774  0.59667431170968  0.59667431138710  -0.10047354629032  0.63715782300000  0.63715782235484  -0.07068481829032  0.37882011738710  0.37882011770968  -0.06443575519355  1.20212642683548  1.20212642682903  0.62339658038387  0.99674170870968  0.99674170870968
0.44868225629032  0.35200991919355  0.30915461161290  0.36860153741613  0.49707274293387  0.55927945696774  1.64880043032258  1.30502395000000  0.01876805886129  0.03923452554839  0.15874071858065  0.28212134777419  0.34798063799839  0.52782828041935  1.18098085225806  0.28973000160000  0.48322914887097  0.18433347435484  0.51882724141332  0.00000000000000  -0.04422674741935  0.89541873109677  0.89541873109677  0.20806126603226  0.67313802380645  0.67313802412903  -0.08791219845161  0.81109739806452  0.81109739806452  0.19024546064516  0.78935504041935  0.78935504009677  0.51450153248387  0.72107956132581  0.72107956132581  0.21687560071290  0.66757571274194  0.66757571306452  0.18944656493548  0.95259882050000  0.95259882372581  0.55176374437419  0.62169584254839  0.62169584254839  0.40348364470968  0.83294921612903  0.83294921612903  0.35326140709677
0.44868225596774  0.00920279754839  -0.08023259077419  0.36860153741935  0.00750783841903  0.16323046141935  1.64880043061290  0.81997116419355  0.05128649471613  0.03923452529032  0.02131282200000  0.00824342170968  0.34798063832839  0.26728631267742  0.35068691029032  0.28973000160000  0.15728049174194  -0.01356503322581  0.51882724141287  -0.04422674741935  0.00000000000000  0.53019213954839  0.53019213954839  0.11976998503226  0.56041061687097  0.56041061651613  -0.05922305654839  0.53226709933548  0.53226709928387  -0.05250114525484  0.52775303251613  0.52775303251613  0.04041223122581  0.43189626960645  0.43189626985806  0.09565122397419  0.57161050283871  0.57161050283871  -0.24213046006452  0.18917983312903  0.18917983312903  0.04224443196774  0.38189852435484  0.38189852422581  0.10557842548387  0.78911813161290  0.78911813193548  0.07714174774194
0.04245408435484  0.15770728570968  0.23563746074194  -0.08980057057742  0.56717091451613  0.45745420141935  0.88514345032258  0.63410464022903  0.49231165670968  -0.18602026425806  1.29851827819355  0.05821201329032  0.12832345054419  0.18188726274194  1.14522383193548  0.06641970967097  0.12013804300000  0.51921840951613  0.31817551367119  0.89541873109677  0.53019213954839  0.00000000000000  0.57604489958065  0.57604490022581  -0.19719405422581  0.63947734153226  0.63947734120968  -0.19641450550000  0.67792257338710  0.67792257400000  -0.00274837864516  0.64716071156129  0.64716071137419  -0.06228836483226  0.54110636193548  0.54110636193548  -0.10878063551613  0.60971328067742  0.60971328035484  0.10683313251613  0.29102638854839  0.29102638822581  -0.32276911761290  0.30156094458065  0.30156094454839  0.01877515190323  1.21962836929677  1.21962836929677
0.39011897854194  0.15770728551613  0.23563746106452  0.45045780138710  0.56717091451613  0.45745420048387  1.65030207829032  0.63410464022581  0.49231165670968  0.08319581222581  1.29851827816129  0.05821201393548  0.13526699793548  0.18188726300000  1.14522383225806  0.01015677573581  0.12013804429032  0.51921840854839  0.52887733441935  0.89541873109677  0.53019213954839  0.57604489958065  0.00000000000000  0.62897020600645  1.03701122932258  1.03701122935484  0.77703877003226  0.69923410003226  0.69923410003226  0.40809641654839  0.88013898203226  0.88013898203226  0.79899175793548  0.31688459303226  0.31688459335484  0.06280939690323  0.29565053806452  0.29565053806452  0.05239877870968  0.25890233325806  0.25890233325161  -0.04307809835161  0.50447926696774  0.50447926700000  0.13118778309677  0.54431629814194  0.54431629781935  0.05568992130323
0.39011897857742  0.27094429587097  -0.09651596203226  0.45045780138710  0.28761462232258  0.06026695306452  1.65030207796774  0.27723177845161  -0.02880700070968  0.08319581157742  0.04554355441935  -0.00341987832258  0.13526699922581  -0.13525482312903  0.49658660225806  0.01015677539613  0.06836832632258  -0.02901611325806  0.52887733438710  0.20806126603226  0.11976998503226  0.57604490022581  0.62897020600645  0.00000000000000  0.33069649954839  0.33069649980645  -0.08827834922581  0.41568758903226  0.41568758903226  -0.04463120477419  0.37614763480645  0.37614763403226  0.02834522125806  0.34448693106452  0.34448693170968  -0.00262676267742  0.80003653403226  0.80003653403226  -0.06659079241935  0.63576203351613  0.63576203351613  0.12733027683871  0.79730261832258  0.79730261832258  0.32961608564516  0.51249864467742  0.51249864422581  -0.15554493003226
-0.04879529129677  0.40561979047097  0.20682770400000  0.05012033796774  0.53149759380645  0.42479319364516  0.95807960958065  0.75806150967742  0.12197145935806  -0.06517737069355  1.35471143503226  0.40863751441935  0.14758343919355  0.18565556818581  0.67431625548387  0.11518367282194  0.54955150258065  0.25142250448387  0.14017813438710  0.67313802380645  0.56041061687097  -0.19719405422581  1.03701122932258  0.33069649954839  0.00000000000000  1.26112383009677  1.26112382687097  1.21821643009677  0.81401288049677  0.81401288391290  0.49018846624516  0.86762874987097  0.86762874987097  0.37570198148387  0.79788787322581  0.79788787258064  0.22244725612903  0.67079729484516  0.67079729497419  0.50316501239355  0.74623816825806  0.74623816809677  0.12890658422581  0.61478867241935  0.61478867209677  0.01244806661290  0.72488929237097  0.72488928882581
0.50354870003226  0.40561979014516  0.20682770303226  0.43176194900000  0.53149759380645  0.42479319367742  0.47760928731613  0.75806150967742  0.12197145935806  0.10337825225806  1.35471143503226  0.40863751448387  0.44567891370968  0.18565556821548  0.67431625529032  -0.01911438419355  0.54955150225806  0.25142250377419  0.58586328283548  0.67313802412903  0.56041061651613  0.63947734153226  1.03701122935484  0.33069649980645  1.26112383009677  0.00000000000000  -0.17775779398387  0.40873219600000  0.40873219600000  0.07955513187097  0.48289705767419  0.48289705767419  -0.14665513767419  0.48206475993548  0.48206475993548  -0.22520646309677  0.45479010719355  0.45479010754839  0.08350169816129  0.50335348748387  0.50335348780645  -0.18716980296774  0.33872320658065  0.33872320758065  0.03898940783871  0.39970199541935  0.39970199541935  0.07775265877419
0.50354870038710  -0.07478997311613  0.26132106348387  0.43176194906452  0.11165403154839  -0.07090033922581  0.47760928763548  0.13031270741935  0.16464662399677  0.10337825193548  0.51557657045161  0.04630951951613  0.44567891406452  0.10204319176613  0.06340023770968  -0.01911438422581  -0.03282702419355  0.08453980719355  0.58586328286452  -0.08791219845161  -0.05922305654839  0.63947734120968  0.77703877003226  -0.08827834922581  1.26112382687097  -0.17775779398387  0.00000000000000  0.80524209090323  0.80524209058065  0.27934787716129  0.61658453445161  0.61658453419355  -0.23155574083871  0.56126892812806  0.56126892780645  -0.12993452664806  0.69698183150323  0.69698183182581  -0.20797957782581  0.51300726716484  0.51300726812903  -0.22440402397065  0.38220150841935  0.38220150841935  0.09767868996774  0.54073196232258  0.54073196229032  0.11463943432258
0.33099183158065  0.18667400341935  0.06632452425806  -0.02443635319355  0.34729563675161  0.34434476965484  0.03180747408065  0.34212721855935  0.80551912864516  -0.06639185548387  1.22089107548387  0.18719074280645  0.28108334138710  0.42100167570968  0.98152358529032  0.01972626935484  0.22625269408161  0.11590739638710  0.23327144415161  0.81109739806452  0.53226709933548  -0.19641450550000  0.69923410003226  0.41568758903226  1.21821643009677  0.40873219600000  0.80524209090323  0.00000000000000  0.50469823739032  0.50469823742258  -0.11156099521935  0.35272301680645  0.35272302032258  -0.07390667054839  0.72265828390323  0.72265828390323  0.19994322712903  0.92482435248387  0.92482435277419  0.74607944087097  1.00270907345161  1.00270907377419  0.61290906538710  0.39580259190323  0.39580259190323  0.32873131474194  0.36580248929032  0.36580248929032
0.36105487596774  0.18667400341935  0.06632452364516  0.47507220448387  0.34729563634516  0.34434477033871  0.24575443951613  0.34212721823774  0.80551912864516  0.42455377474194  1.22089107548387  0.18719074245161  0.22278523483871  0.42100167532258  0.98152358432258  0.15059558759032  0.22625269343839  0.11590739670968  0.53224787467742  0.81109739806452  0.53226709928387  0.67792257338710  0.69923410003226  0.41568758903226  0.81401288049677  0.40873219600000  0.80524209058065  0.50469823739032  0.00000000000000  0.04062793380645  0.38890320967742  0.38890320967742  0.02076490967742  0.45718822374194  0.45718822406452  0.18528526761290  0.50312991812903  0.50312991780645  0.29117016961290  0.45727082712903  0.45727082770968  0.03418689690323  0.63378197622581  0.63378197622581  0.18752422041935  0.48906630712903  0.48906630648387  0.19702745454839
0.36105487596774  -0.04741181909677  -0.10263689977419  0.47507220483871  0.05753276762581  -0.16201243114839  0.24575443948387  0.06648938674774  0.27030736619355  0.42455377412903  0.73591744709677  0.03336396993548  0.22278523387097  0.14889393606452  0.31771830012903  0.15059558823871  0.00282474440903  -0.03722215058065  0.53224787145161  0.19024546064516  -0.05250114525484  0.67792257400000  0.40809641654839  -0.04463120477419  0.81401288391290  0.07955513187097  0.27934787716129  0.50469823742258  0.04062793380645  0.00000000000000  0.46931237219355  0.46931237219355  -0.01186252919355  0.84631009671290  0.84631009703871  0.06784163768065  0.71508079545161  0.71508079545161  -0.05871424841935  1.26575159651613  1.26575159651613  0.39296404458065  0.74606951319355  0.74606951316129  -0.06114290819355  1.10322379290323  1.10322379290323  0.38828171677419
0.13196471161290  0.38414597360323  0.20554065422581  0.07470994351613  0.46588962617871  0.42415885587097  -0.02103031274194  0.50435113783871  0.71586962054839  -0.03188717583871  1.00313518129032  0.08390837322581  0.04496310000000  0.20170017777419  0.51308859819355  -0.07433140918387  0.17204339877097  1.04292320877419  0.17165080570968  0.78935504041935  0.52775303251613  -0.00274837864516  0.88013898203226  0.37614763480645  0.49018846624516  0.48289705767419  0.61658453445161  -0.11156099521935  0.38890320967742  0.46931237219355  0.00000000000000  1.15847526096774  1.15847526096774  0.53623620548387  0.99358566225806  0.99358566225806  0.49277311645161  0.79377303967742  0.79377303935484  -0.01083429935484  0.96365000467742  0.96365000467742  0.76115758629032  0.93420958961290  0.93420958948387  0.54392668687097  0.94012866225806  0.94012866225806
0.84654626658065  0.38414597360323  0.20554065374194  0.43824796102581  0.46588962614935  0.42415885554839  0.26945379783871  0.50435113812903  0.71586962054839  0.13320244862548  1.00313518161290  0.08390837322581  0.05283812174194  0.20170017809677  0.51308859812903  0.28810183867742  0.17204339877097  1.04292320877419  0.55821266596129  0.78935504009677  0.52775303251613  0.64716071156129  0.88013898203226  0.37614763403226  0.86762874987097  0.48289705767419  0.61658453419355  0.35272301680645  0.38890320967742  0.46931237219355  1.15847526096774  0.00000000000000  0.24534009322581  0.67969511609677  0.67969511603226  -0.06673982916129  0.46445492406452  0.46445492406452  0.00828117761290  0.40424523329032  0.40424523329032  0.05123425677419  0.58667384161290  0.58667384161290  0.16113392129032  0.48111623106452  0.48111623106452  0.03134891635484
0.84654626625806  -0.01954146788065  -0.13169302951613  0.43824796098710  0.07944531585258  -0.24422578535484  0.26945379787097  0.08936091861290  0.41981552958065  0.13320244847613  0.41075278387097  -0.00006613806452  0.05283812174194  0.10989927254839  0.15135279480645  0.28810183835484  -0.07280792425806  0.45381497025806  0.55821266584194  0.51450153248387  0.04041223122581  0.64716071137419  0.79899175793548  0.02834522125806  0.86762874987097  -0.14665513767419  -0.23155574083871  0.35272302032258  0.02076490967742  -0.01186252919355  1.15847526096774  0.24534009322581  0.00000000000000  0.53402830625806  0.53402830625806  -0.13744450664516  0.29455205180645  0.29455205345161  0.09513781964516  0.42518737013710  0.42518737013742  0.00817038664065  1.09521093353548  1.09521093353226  0.21311842869677  0.66528290516129  0.66528290483871  -0.25294874709677
-0.00090846367742  0.32489792373548  0.12828882141935  0.05626818906774  0.44101851232258  0.45452525035484  -0.00812099822581  0.62836533664839  0.44952914987097  0.00318222654968  0.58069329161290  0.25062653296774  0.19128408987097  0.22698141512903  0.94366611274194  0.05994233796774  0.13235823125806  1.32901803935484  -0.02778965736774  0.72107956132581  0.43189626960645  -0.06228836483226  0.31688459303226  0.34448693106452  0.37570198148387  0.48206475993548  0.56126892812806  -0.07390667054839  0.45718822374194  0.84631009671290  0.53623620548387  0.67969511609677  0.53402830625806  0.00000000000000  0.66189797793548  0.66189797793548  0.07807809800000  0.80549617363871  0.80549617363548  -0.06561807926774  0.58154473600000  0.58154473664516  -0.00043139716129  0.48549749925806  0.48549749887097  -0.08129091945161  0.58226799303226  0.58226799270968
0.78652220609677  0.32489792318710  0.12828882174194  0.55626030696774  0.44101851264516  0.45452524941935  0.23657406116774  0.62836533666129  0.44952914954839  0.25845590800000  0.58069328870968  0.25062653361290  0.23854560351613  0.22698141506452  0.94366611222581  -0.01608755235484  0.13235823222581  1.32901803935484  0.59667431170968  0.72107956132581  0.43189626985806  0.54110636193548  0.31688459335484  0.34448693170968  0.79788787322581  0.48206475993548  0.56126892780645  0.72265828390323  0.45718822406452  0.84631009703871  0.99358566225806  0.67969511603226  0.53402830625806  0.66189797793548  0.00000000000000  0.03413951367742  0.31927242016129  0.31927242012903  -0.18098388241935  0.31294069654839  0.31294069590323  -0.00862753203226  1.14256113500000  1.14256113500000  0.78742110632258  1.17734604047419  1.17734604050645  0.97346206889355
0.78652220609677  -0.06728099881290  -0.08785293987097  0.55626030693548  0.06331321987097  0.03706952703226  0.23657406117419  0.31762312090000  -0.01793887058065  0.25845590577419  0.16436256806452  0.06743992716129  0.23854560509355  0.08881841225806  -0.02041481693548  -0.01608755270968  0.06248569677419  0.71744191096774  0.59667431138710  0.21687560071290  0.09565122397419  0.54110636193548  0.06280939690323  -0.00262676267742  0.79788787258064  -0.22520646309677  -0.12993452664806  0.72265828390323  0.18528526761290  0.06784163768065  0.99358566225806  -0.06673982916129  -0.13744450664516  0.66189797793548  0.03413951367742  0.00000000000000  0.42986037770968  0.42986037770968  0.22846035429032  0.30631873513258  0.30631873516226  0.29679401187290  0.28902948474194  0.28902948506452  0.03920676700000  0.54755480416129  0.54755480419355  -0.03701324322581
0.34325559996774  0.59359528238710  0.19985047180000  -0.22150761719355  0.51535357119355  0.28944359132258  0.02265463625484  0.22385569119355  0.25082451074194  0.30209871590323  0.89612382064516  0.43350871077871  0.13413790509677  0.22107416604839  0.28215819437097  -0.02193116586774  0.00255457580323  0.69068009961290  -0.10047354629032  0.66757571274194  0.57161050283871  -0.10878063551613  0.29565053806452  0.80003653403226  0.22244725612903  0.45479010719355  0.69698183150323  0.19994322712903  0.50312991812903  0.71508079545161  0.49277311645161  0.46445492406452  0.29455205180645  0.07807809800000  0.31927242016129  0.42986037770968  0.00000000000000  0.60734124638710  0.60734124670968  -0.03175476270968  0.33516409391935  0.33516409398387  -0.00445904614516  0.36751772154839  0.36751772154839  -0.19036773012903  0.39327886862097  0.39327886797710
0.86451156422581  0.59359528254839  0.19985047309032  0.42566669106452  0.51535357119355  0.28944359122581  0.27733222330968  0.22385569119355  0.25082451170968  1.64711064590323  0.89612382000000  0.43350871059774  -0.03733368374194  0.22107416608065  0.28215819372581  0.43604441900000  0.00255457646774  0.69068009958065  0.63715782300000  0.66757571306452  0.57161050283871  0.60971328067742  0.29565053806452  0.80003653403226  0.67079729484516  0.45479010754839  0.69698183182581  0.92482435248387  0.50312991780645  0.71508079545161  0.79377303967742  0.46445492406452  0.29455205345161  0.80549617363871  0.31927242012903  0.42986037770968  0.60734124638710  0.00000000000000  -0.00126923449419  0.20353742265806  0.20353742265484  -0.06900372630968  0.43008902935484  0.43008902935484  -0.11155630935484  0.51902932958065  0.51902932958065  -0.03288365938710
0.86451156454839  0.19868872580645  -0.05760985728710  0.42566669138710  0.05083985212903  -0.27847257293548  0.27733222327742  -0.04400978558065  0.25662560119355  1.64711064622581  0.43682663838710  0.18040186229226  -0.03733368341935  0.20130324591935  -0.15668677320968  0.43604441900000  -0.04321758406774  0.36103107187097  0.63715782235484  0.18944656493548  -0.24213046006452  0.60971328035484  0.05239877870968  -0.06659079241935  0.67079729497419  0.08350169816129  -0.20797957782581  0.92482435277419  0.29117016961290  -0.05871424841935  0.79377303935484  0.00828117761290  0.09513781964516  0.80549617363548  -0.18098388241935  0.22846035429032  0.60734124670968  -0.00126923449419  0.00000000000000  0.55508372654839  0.55508372654839  0.24656598506452  0.47199563954839  0.47199563961290  -0.06157876287097  1.15011976719355  1.15011976751613  0.77294529041935
0.57116414738710  0.28503242190323  0.08303152090323  0.11235560093548  0.53788068954839  0.39061718503226  0.00050943265806  0.08325409125806  0.37553667574194  0.57974447538710  0.52313064900000  0.06389415483871  -0.07571319796774  0.25849590887097  0.41184159800000  0.02793917874194  0.23698208840323  0.92653387658065  -0.07068481829032  0.95259882050000  0.18917983312903  0.10683313251613  0.25890233325806  0.63576203351613  0.50316501239355  0.50335348748387  0.51300726716484  0.74607944087097  0.45727082712903  1.26575159651613  -0.01083429935484  0.40424523329032  0.42518737013710  -0.06561807926774  0.31294069654839  0.30631873513258  -0.03175476270968  0.20353742265806  0.55508372654839  0.00000000000000  0.67785691919355  0.67785691951613  0.72601240119355  0.84922833954839  0.84922833954839  0.32697582090323  0.77574920993548  0.77574920958065
0.80333148616129  0.28503242158065  0.08303152035484  0.58438129480645  0.53788068890323  0.39061718535484  0.10719066497419  0.08325409190323  0.37553667590323  0.67849167741935  0.52313064577419  0.06389415483871  0.23499476312903  0.25849590880645  0.41184159829032  0.07616893564516  0.23698208872581  0.92653387593548  0.37882011738710  0.95259882372581  0.18917983312903  0.29102638854839  0.25890233325161  0.63576203351613  0.74623816825806  0.50335348780645  0.51300726812903  1.00270907345161  0.45727082770968  1.26575159651613  0.96365000467742  0.40424523329032  0.42518737013742  0.58154473600000  0.31294069590323  0.30631873516226  0.33516409391935  0.20353742265484  0.55508372654839  0.67785691919355  0.00000000000000  0.38302158183871  0.63723014870645  0.63723014866452  0.33298099463226  0.74375861912903  0.74375861880645  0.34179961538710
0.80333148632258  -0.05170686196774  0.08043503887097  0.58438129480645  0.00887633103226  -0.20563195922581  0.10719066497742  0.13547387296774  0.33444405767742  0.67849167777419  0.26343454825806  0.07664561580645  0.23499476022581  0.09127174700000  0.35820033458065  0.07616893564516  0.03138315969355  0.27658201180645  0.37882011770968  0.55176374437419  0.04224443196774  0.29102638822581  -0.04307809835161  0.12733027683871  0.74623816809677  -0.18716980296774  -0.22440402397065  1.00270907377419  0.03418689690323  0.39296404458065  0.96365000467742  0.05123425677419  0.00817038664065  0.58154473664516  -0.00862753203226  0.29679401187290  0.33516409398387  -0.06900372630968  0.24656598506452  0.67785691951613  0.38302158183871  0.00000000000000  0.58327705612903  0.58327705612903  0.08286253309677  0.67115632951613  0.67115632951613  -0.05137790854839
0.30785229390323  0.50562197729032  0.42428351258065  0.28064840545161  0.59738497700000  0.29759098419355  -0.06596570394194  0.28496121460645  0.29911768577419  0.42677553638710  0.78522293516129  0.53592104206452  -0.25758607758065  0.07496952224516  0.81426406467742  0.03451593654839  0.05721611932903  0.77604117738710  -0.06443575519355  0.62169584254839  0.38189852435484  -0.32276911761290  0.50447926696774  0.79730261832258  0.12890658422581  0.33872320658065  0.38220150841935  0.61290906538710  0.63378197622581  0.74606951319355  0.76115758629032  0.58667384161290  1.09521093353548  -0.00043139716129  1.14256113500000  0.28902948474194  -0.00445904614516  0.43008902935484  0.47199563954839  0.72601240119355  0.63723014870645  0.58327705612903  0.00000000000000  0.44732169377419  0.44732169377419  0.21343957654839  0.58515305206452  0.58515305206452
0.54626414941935  0.50562197729032  0.42428351551613  0.55999630709677  0.59738497729032  0.29759098512903  1.10513889655484  0.28496121428065  0.29911768541935  0.35721511687097  0.78522293516129  0.53592104238710  0.16884529174194  0.07496952219355  0.81426406467742  0.98191833038710  0.05721611868387  0.77604117738710  1.20212642683548  0.62169584254839  0.38189852422581  0.30156094458065  0.50447926700000  0.79730261832258  0.61478867241935  0.33872320758065  0.38220150841935  0.39580259190323  0.63378197622581  0.74606951316129  0.93420958961290  0.58667384161290  1.09521093353226  0.48549749925806  1.14256113500000  0.28902948506452  0.36751772154839  0.43008902935484  0.47199563961290  0.84922833954839  0.63723014866452  0.58327705612903  0.44732169377419  0.00000000000000  -0.13127882851613  0.56565271529032  0.56565271558065  -0.10474966412903
0.54626414909677  -0.10466207583871  -0.24492643361290  0.55999630738710  -0.02300261209677  -0.08697138780645  1.10513889655484  -0.12536681249677  0.04360909396774  0.35721511719355  0.29428402548387  0.13654563077419  0.16884529112903  0.14039258617097  0.36000496383871  0.98191833332258  -0.17498560609677  0.23333666819355  1.20212642682903  0.40348364470968  0.10557842548387  0.30156094454839  0.13118778309677  0.32961608564516  0.61478867209677  0.03898940783871  0.09767868996774  0.39580259190323  0.18752422041935  -0.06114290819355  0.93420958948387  0.16113392129032  0.21311842869677  0.48549749887097  0.78742110632258  0.03920676700000  0.36751772154839  -0.11155630935484  -0.06157876287097  0.84922833954839  0.33298099463226  0.08286253309677  0.44732169377419  -0.13127882851613  0.00000000000000  0.39052923212903  0.39052923245161  0.08848883045161
0.21775885909677  0.29848303267742  0.08227649896774  0.19452565619355  0.57052853135484  0.27971110096774  0.02793938815161  0.05978835503226  0.16680207309677  0.06935471248387  0.21501874483871  0.08979487606452  -0.31410855183871  1.03163584387097  0.14610764125806  0.12650232300000  0.18072170506452  0.64175652164516  0.62339658038387  0.83294921612903  0.78911813161290  0.01877515190323  0.54431629814194  0.51249864467742  0.01244806661290  0.39970199541935  0.54073196232258  0.32873131474194  0.48906630712903  1.10322379290323  0.54392668687097  0.48111623106452  0.66528290516129  -0.08129091945161  1.17734604047419  0.54755480416129  -0.19036773012903  0.51902932958065  1.15011976719355  0.32697582090323  0.74375861912903  0.67115632951613  0.21343957654839  0.56565271529032  0.39052923212903  0.00000000000000  0.47528033948387  0.47528033948387
