0.00000000000000  0.85724629538710  0.85724629538710  0.29914002474194  1.36979870690323  1.36979870690323  0.77607425916129  1.07777325348387  1.07777325351613  -0.09884387632258  1.09503975654839  1.09503975654839  0.12888499525806  0.73227946890323  0.73227946890323  0.07711296374194  0.61588279000000  0.61588279000000  -0.20055311838710  0.52429055880645  0.52429055880645  -0.00320740590323  0.73698249024194  0.73698248991935  -0.24372403335806  0.69022027774194  0.69022027774194  0.14423313548387  0.55875063061290  0.55875063061290  -0.00597591677419  0.95492877045161  0.95492877045161  0.01885853690323  1.03221553719355  1.03221553751613  0.28688207235484  1.02161021809677  1.02161021806452  0.20412284532258  0.99517424548387  0.99517424548387  0.39660496483871  0.75759754951613  0.75759754951613  0.30559853790323  1.31743242129032  1.31743242161290
0.85724629538710  0.00000000000000  0.59532876096774  0.69208241741935  0.69208241741935  0.41551984774194  1.04459297980645  1.04459297951613  0.24763784658065  0.59154990387097  0.59154990387097  0.07985867774194  0.83620930570968  0.83620930251613  -0.08662502767742  1.04984629435484  1.04984629435161  0.36090595435161  0.52076582774194  0.52076582774194  -0.31461589161290  0.60506879854839  0.60506879919355  -0.03770915061290  0.54770582741935  0.54770582741935  -0.10176391387097  0.32485433261613  0.32485433260968  0.01660669209677  0.39682037900000  0.39682037964516  -0.06515595945161  0.36170221025806  0.36170221025806  0.13830057012903  0.76144991848387  0.76144991851613  -0.01524350845161  0.45687456422581  0.45687456425806  -0.04245166093548  0.73348199551613  0.73348199550323  -0.04860545612903  0.62228273941935  0.62228273970968  0.05260940074194
0.85724629538710  0.59532876096774  0.00000000000000  0.83388918977097  0.83388919006452  -0.07666351187097  0.73342648170968  0.73342648170968  0.10417071183871  0.72303548354839  0.72303548358065  0.07719049119355  0.40947302951613  0.40947302945161  0.21110750506452  0.92511733954839  0.92511733987097  0.00005918051613  0.61575113122258  0.61575113086774  -0.02511349377097  0.65925541032258  0.65925541032258  -0.02923375032258  0.56851618883871  0.56851618880645  -0.06840389848387  0.57690870674194  0.57690870419355  -0.08095000480645  0.55716450981936  0.55716450976452  0.15636263616452  0.33161681196774  0.33161681196774  -0.02843444554839  0.30997584961290  0.30997585058065  -0.08351490832258  0.34187118458065  0.34187118451613  -0.08756940190323  0.70459474870968  0.70459474838710  0.11618676354839  0.50373639696774  0.50373639664516  -0.04942889309677
0.29914002474194  0.69208241741935  0.83388918977097  0.00000000000000  0.36861181812581  0.36861181780000  -0.01756929397097  0.36087368398387  0.36087368425484  0.05069727445161  0.24233687719355  0.24233687683871  0.05254713974194  0.36985527312903  0.36985527312903  -0.17137124964516  0.62141968935484  0.62141968935484  -0.06982199774194  0.70079313777419  0.70079314067742  -0.15975032441935  0.87484729967742  0.87484729967742  0.04853038064516  0.77816295335484  0.77816295335484  -0.15143611529032  0.78022329203226  0.78022329203226  -0.03637123203226  0.92162602220968  0.92162602188710  -0.01266231843871  0.41667269025806  0.41667268993548  -0.04798440812903  0.30517118693548  0.30517118690323  -0.34225972096774  0.28751653651613  0.28751653651613  -0.05749258054839  0.44937657047742  0.44937657014516  -0.22755007699355  0.71232750748387  0.71232750748387
1.36979870690323  0.69208241741935  0.83388919006452  0.36861181812581  0.00000000000000  -0.03987142477419  0.64266614525806  0.64266614525806  0.30041813100000  1.01892344735484  1.01892344316129  0.47272032290323  0.70860872303226  0.70860872270968  0.38304299296774  0.86103460209677  0.86103460241935  0.23652496177419  0.68905310548387  0.68905310548387  -0.21553155806452  0.95719540258065  0.95719540290323  0.39952305516129  0.87629110376129  0.87629110440645  0.20875626947097  0.82970662064516  0.82970662064516  -0.10105758548387  0.81182552222581  0.81182552190323  -0.30255346222581  0.77071505774194  0.77071505770968  0.00777145838710  0.89190772230464  0.89190772230471  -0.05485673317748  0.84865433064516  0.84865433032258  -0.19936175516129  1.01595706196774  1.01595706196774  -0.01662821532258  0.90972435370968  0.90972435370968  -0.12296603822581
1.36979870690323  0.41551984774194  -0.07666351187097  0.36861181780000  -0.03987142477419  0.00000000000000  0.81649726064516  0.81649726064516  -0.19015116967742  0.85364963483871  0.85364963483871  -0.11741117161290  0.38573903332258  0.38573903332258  -0.08197409448387  0.53166040087097  0.53166040054839  -0.31428707409677  0.74891334012903  0.74891334012903  -0.06019218764516  0.49185239406452  0.49185239409677  0.19569853590323  0.93973747087097  0.93973747022581  0.23299685570968  0.76798925787097  0.76798925819355  -0.08992313148387  0.76485379945161  0.76485379909677  -0.34125787400000  0.83561222193548  0.83561222225806  0.07360662129032  0.82960522441935  0.82960522474194  -0.30511026887097  0.90966377222581  0.90966377222581  0.26509639493548  0.63788474774194  0.63788474806452  0.17346914419355  0.58433975045161  0.58433974719355  -0.00272476751613
0.77607425916129  1.04459297980645  0.73342648170968  -0.01756929397097  0.64266614525806  0.81649726064516  0.00000000000000  0.46727724890323  0.46727724922581  0.13419454306452  0.71654176783548  0.71654176780645  0.36049808000323  0.55714936574194  0.55714936606452  -0.20834927070968  0.56517854419355  0.56517854322581  0.22713973161290  1.70048177000000  1.70048177000000  0.82284404741935  1.73066879129032  1.73066879129032  0.94827689774194  0.56496141838710  0.56496141838710  0.03743185212903  0.43478036954839  0.43478036954839  0.21125636977419  0.21647781695806  0.21647781695806  0.04892870792258  0.50290466170968  0.50290466170968  0.13466679461290  0.31889968067742  0.31889968067742  0.34767157519355  0.25650209848387  0.25650209809677  0.22707319335484  1.05051160958065  1.05051160954839  -0.02143915106452  1.36333481290323  1.36333481290323
1.07777325348387  1.04459297951613  0.73342648170968  0.36087368398387  0.64266614525806  0.81649726064516  0.46727724890323  0.00000000000000  0.43803681483871  1.15285079104516  1.15285079104516  0.41310608594516  1.19841824796774  1.19841824796774  0.81696958667742  0.74474759696452  0.74474759794839  0.57210837586452  1.41333235387097  1.41333235387097  0.35130183193548  0.47943936441935  0.47943936441935  0.14310898506452  0.92901348087097  0.92901348087097  0.21797277377419  0.32076888980645  0.32076888983871  0.14942124564516  0.69389555795839  0.69389555795710  0.13900805913903  0.91722698531290  0.91722698499032  0.42898120733548  0.22157992858065  0.22157992825806  -0.06279963206452  0.31664857596774  0.31664857567742  0.10201592996774  0.35954982600000  0.35954982635484  0.08938908600000  0.08527622364516  0.08527622364516  0.16849228112903
1.07777325351613  0.24763784658065  0.10417071183871  0.36087368425484  0.30041813100000  -0.19015116967742  0.46727724922581  0.43803681483871  0.00000000000000  0.13803917058065  0.13803917090323  0.06086014670968  0.13221447261290  0.13221447258065  0.35367290396774  0.29906377817419  0.29906377849677  0.29433009172258  0.12321276961290  0.12321276993548  0.17278497345161  0.36747869316129  0.36747869312903  0.17271988006452  0.20951564312903  0.20951564312903  0.06819550325806  0.99874660322581  0.99874660322581  0.19091456774194  0.89831859677419  0.89831859677419  0.19777588935484  0.63136427587097  0.63136427587097  0.12712936103226  0.37739496938710  0.37739496938710  0.15438902719355  0.64782123629032  0.64782123635484  -0.04908147209677  0.26228121432258  0.26228121419355  0.05998599590323  0.53096689545161  0.53096689577419  -0.06355720674194
-0.09884387632258  0.59154990387097  0.72303548354839  0.05069727445161  1.01892344735484  0.85364963483871  0.13419454306452  1.15285079104516  0.13803917058065  0.00000000000000  0.20278742716129  0.20278742709677  0.03360611070968  0.33203969606452  0.33203969735484  0.01681022967742  0.22209346592903  0.22209346621935  0.00186982116774  0.08172883809677  0.08172883809677  -0.00902546661290  0.12917424287097  0.12917424383871  -0.29675798103226  0.12531472487097  0.12531472458065  0.00332999545161  0.48011502361290  0.48011502329032  0.16760555845161  0.17518412398387  0.17518412398710  0.04363290408387  0.01101826738710  0.01101826738710  0.05178521764516  1.80359962929032  1.80359962929032  0.55129282090323  0.70435915032258  0.70435915032258  0.15809250838710  0.39461835741935  0.39461835741935  0.08163617677419  0.20804706083871  0.20804706080645
1.09503975654839  0.59154990387097  0.72303548358065  0.24233687719355  1.01892344316129  0.85364963483871  0.71654176783548  1.15285079104516  0.13803917090323  0.20278742716129  0.00000000000000  0.07773482887097  0.54607694332258  0.54607694332258  0.14675259622581  0.40704388516129  0.40704388512903  -0.07228736419355  0.25238610574194  0.25238610574194  0.14482169187097  1.23034144861290  1.23034144538710  0.11224551158065  1.41627862838710  1.41627862838710  0.56935414516129  1.31972328096774  1.31972328096774  0.73340071838710  1.16122030248387  1.16122030248387  0.27500113474194  0.56334684012903  0.56334684012903  0.03552835241935  1.26436889193548  1.26436889193548  0.04748753322581  0.40082474419355  0.40082474387097  0.11830725193548  1.04316879967742  1.04316879967742  -0.06115236096774  0.37940108248387  0.37940108216129  0.17986408248387
1.09503975654839  0.07985867774194  0.07719049119355  0.24233687683871  0.47272032290323  -0.11741117161290  0.71654176780645  0.41310608594516  0.06086014670968  0.20278742709677  0.07773482887097  0.00000000000000  0.99757332670968  0.99757332638710  0.24758735541935  0.94628307303452  0.94628307303645  0.03011082368194  0.30479406648387  0.30479406648387  -0.05235092687097  0.46074516441935  0.46074516377419  0.06578719774194  0.34406221645161  0.34406221645161  0.13040562483871  0.05271372777419  0.05271372809677  -0.05516093800000  0.09388228335484  0.09388228400000  0.12275987593548  0.09129315219355  0.09129315187097  0.16951193103226  0.34106272000000  0.34106272032258  0.09027428096774  0.11191530019355  0.11191529693548  -0.01887564335484  0.53177633535484  0.53177633503226  0.10993012083871  0.25561778048387  0.25561778045161  -0.02341714774194
0.12888499525806  0.83620930570968  0.40947302951613  0.05254713974194  0.70860872303226  0.38573903332258  0.36049808000323  1.19841824796774  0.13221447261290  0.03360611070968  0.54607694332258  0.99757332670968  0.00000000000000  1.01511488339032  1.01511488339355  0.27835969338065  1.02450131896774  1.02450131929032  0.10950346219355  0.66256454716129  0.66256454716129  0.05032132122581  0.46834416525806  0.46834416558065  0.07738806500000  0.70141672429032  0.70141672400000  0.39937854541935  0.21762365458065  0.21762365422581  -0.01416252870968  0.42378470283871  0.42378470254839  0.08807734483871  0.26437692977419  0.26437692983871  0.21498743145161  0.33193248103226  0.33193248164516  -0.05630631406452  0.22984458809677  0.22984458803226  0.01484120012903  0.12580396587097  0.12580396587097  -0.11262379196774  0.19449582683871  0.19449582767742
0.73227946890323  0.83620930251613  0.40947302945161  0.36985527312903  0.70860872270968  0.38573903332258  0.55714936574194  1.19841824796774  0.13221447258065  0.33203969606452  0.54607694332258  0.99757332638710  1.01511488339032  0.00000000000000  -0.04327728270968  0.24124858954839  0.24124858858065  0.15507633412903  0.67800886709677  0.67800886677419  0.21929404290323  0.33672118012903  0.33672118045161  0.03013459245161  0.17337932680645  0.17337932648387  0.05497492287097  0.56999384161290  0.56999384161290  -0.22755741516129  0.42670269425806  0.42670269425806  0.04634382093548  0.23163282741935  0.23163282741935  0.02981130354839  0.55935690830968  0.55935690798710  0.05834879547097  0.43329136551613  0.43329136545161  0.12490665170968  0.22715266425806  0.22715266425806  0.13941826122581  1.19733837296774  1.19733837296774  0.46592310780645
0.73227946890323  -0.08662502767742  0.21110750506452  0.36985527312903  0.38304299296774  -0.08197409448387  0.55714936606452  0.81696958667742  0.35367290396774  0.33203969735484  0.14675259622581  0.24758735541935  1.01511488339355  -0.04327728270968  0.00000000000000  1.29553450870968  1.29553450870968  0.68902660483871  1.24155271890323  1.24155271890323  0.45079630109677  1.01325411900000  1.01325411900000  0.68764055706452  0.65899711506452  0.65899711506452  0.43146369216129  1.33567734670968  1.33567734670968  0.20566059251613  0.46448295738710  0.46448295770968  -0.01338706196774  1.11421580145161  1.11421580145161  0.14353150112903  0.42102910548387  0.42102910516129  0.30835250935484  0.86725277283871  0.86725277283871  -0.11619571703226  1.05047619806452  1.05047619806452  0.47835347012903  0.22617416029032  0.22617416064516  0.00986810654839
0.07711296374194  1.04984629435484  0.92511733954839  -0.17137124964516  0.86103460209677  0.53166040087097  -0.20834927070968  0.74474759696452  0.29906377817419  0.01681022967742  0.40704388516129  0.94628307303452  0.27835969338065  0.24124858954839  1.29553450870968  0.00000000000000  0.41496413448387  0.41496413416129  0.12304305006452  0.28904981322581  0.28904981290323  -0.12161596322581  0.00277228626129  0.00277228593548  0.05946772586452  0.08216524187097  0.08216524219355  0.13016939212903  0.10749618703226  0.10749618638710  0.19362200383871  0.42875237032258  0.42875237032258  0.11386755741935  0.08936481548387  0.08936481548387  0.20094977419355  0.48477259190323  0.48477259190323  0.11397454880645  0.32293026154839  0.32293026151613  -0.01784973332258  1.11752793174194  1.11752793174194  0.44697717625806  0.87954242848387  0.87954242880645
0.61588279000000  1.04984629435161  0.92511733987097  0.62141968935484  0.86103460241935  0.53166040054839  0.56517854419355  0.74474759794839  0.29906377849677  0.22209346592903  0.40704388512903  0.94628307303645  1.02450131896774  0.24124858858065  1.29553450870968  0.41496413448387  0.00000000000000  -0.03799117925806  0.68265495461290  0.68265495429032  0.35551518770968  0.49539991000000  0.49539991000000  0.34358718290323  0.74068370048387  0.74068370080645  0.08781175274194  0.17175041583871  0.17175041551613  0.20762372641935  0.38650160812903  0.38650160812903  -0.07424849390323  0.23351922432258  0.23351922432258  0.02987853603226  0.29188124487097  0.29188124554839  0.19934431725806  0.22310816067742  0.22310816064516  0.07658249977419  -0.02452372774194  -0.02452372838710  0.11214471419355  0.08977651374194  0.08977651467742  -0.22770808738710
0.61588279000000  0.36090595435161  0.00005918051613  0.62141968935484  0.23652496177419  -0.31428707409677  0.56517854322581  0.57210837586452  0.29433009172258  0.22209346621935  -0.07228736419355  0.03011082368194  1.02450131929032  0.15507633412903  0.68902660483871  0.41496413416129  -0.03799117925806  0.00000000000000  0.09975582010742  0.09975581720032  -0.00424837086065  0.60147476822581  0.60147476725806  -0.15651677854839  0.25890301368387  0.25890301372581  0.02040727462258  0.03603800083871  0.03603800116129  0.36099159438710  1.40707229248387  1.40707229216129  0.72687488829032  1.34613387383871  1.34613387383871  0.95916510932258  1.11713646741935  1.11713646741935  0.61184008483871  1.05642557383871  1.05642557383871  0.70974136616129  1.06289746322806  1.06289746322774  0.57029607773774  0.62789917487097  0.62789917487097  0.30691630648387
-0.20055311838710  0.52076582774194  0.61575113122258  -0.06982199774194  0.68905310548387  0.74891334012903  0.22713973161290  1.41333235387097  0.12321276961290  0.00186982116774  0.25238610574194  0.30479406648387  0.10950346219355  0.67800886709677  1.24155271890323  0.12304305006452  0.68265495461290  0.09975582010742  0.00000000000000  0.61331129709677  0.61331129709677  0.36528203967742  0.48757143661290  0.48757143661290  0.08013404854839  0.79366563290968  0.79366563290968  0.17034223871613  0.86994521505161  0.86994521502581  0.00340387572903  0.73639783545161  0.73639783577419  -0.07959828648387  0.85522931387097  0.85522931387097  -0.06009086161290  0.88614721583871  0.88614721551613  -0.33120834900000  0.76274175941935  0.76274175941935  -0.25706253174194  1.47224007684194  1.47224007683871  0.64327418845484  1.14335836709677  1.14335836741936
0.52429055880645  0.52076582774194  0.61575113086774  0.70079313777419  0.68905310548387  0.74891334012903  1.70048177000000  1.41333235387097  0.12321276993548  0.08172883809677  0.25238610574194  0.30479406648387  0.66256454716129  0.67800886677419  1.24155271890323  0.28904981322581  0.68265495429032  0.09975581720032  0.61331129709677  0.00000000000000  -0.38212356935484  1.04871797020323  1.04871797022258  0.29740690799677  1.06793627032258  1.06793627064516  -0.01241103000000  0.71905871048387  0.71905871048387  0.34802595306452  0.71482216564516  0.71482216564516  0.39072994116129  0.72522420725806  0.72522420693548  0.24758710790323  0.54035260248387  0.54035260345161  0.02165045312903  0.89958368945161  0.89958368945161  0.58236881719355  0.87241881076129  0.87241881076774  0.52028476108387  0.75195008487097  0.75195008490323  0.29408564232258
0.52429055880645  -0.31461589161290  -0.02511349377097  0.70079314067742  -0.21553155806452  -0.06019218764516  1.70048177000000  0.35130183193548  0.17278497345161  0.08172883809677  0.14482169187097  -0.05235092687097  0.66256454716129  0.21929404290323  0.45079630109677  0.28904981290323  0.35551518770968  -0.00424837086065  0.61331129709677  -0.38212356935484  0.00000000000000  0.70279516777419  0.70279516809677  -0.03149574480645  0.67924126838710  0.67924126838710  0.02052365225806  0.78916859206452  0.78916859206452  -0.18575075335484  0.87504674261290  0.87504674587097  0.04646135712903  0.61725290854839  0.61725290854839  -0.33799965961290  0.88631713748387  0.88631713748387  -0.16612454941935  0.52583716887097  0.52583716951613  -0.06935285661290  0.70293192387742  0.70293192390645  0.25312594657742  0.75222787244194  0.75222787244194  0.01427773276452
-0.00320740590323  0.60506879854839  0.65925541032258  -0.15975032441935  0.95719540258065  0.49185239406452  0.82284404741935  0.47943936441935  0.36747869316129  -0.00902546661290  1.23034144861290  0.46074516441935  0.05032132122581  0.33672118012903  1.01325411900000  -0.12161596322581  0.49539991000000  0.60147476822581  0.36528203967742  1.04871797020323  0.70279516777419  0.00000000000000  0.66910691432258  0.66910691335484  -0.04570626896774  0.56484705741935  0.56484705741935  -0.17265469870968  0.77931931290323  0.77931931258065  0.05052026483871  0.53412073396774  0.53412073429032  0.09044167087097  0.52391055506452  0.52391055570968  -0.14655543241935  0.63428942897742  0.63428942578387  0.05520604557097  0.50168298048065  0.50168298014516  -0.10140447724839  0.34994181909677  0.34994181877419  -0.10126405896774  1.49932928196774  1.49932928196774
0.73698249024194  0.60506879919355  0.65925541032258  0.87484729967742  0.95719540290323  0.49185239409677  1.73066879129032  0.47943936441935  0.36747869312903  0.12917424287097  1.23034144538710  0.46074516377419  0.46834416525806  0.33672118045161  1.01325411900000  0.00277228626129  0.49539991000000  0.60147476725806  0.48757143661290  1.04871797022258  0.70279516809677  0.66910691432258  0.00000000000000  0.77449297287097  1.33479422183871  1.33479422183871  1.13482623087097  1.24750374403226  1.24750374370968  0.63544746725806  1.18976945454839  1.18976945454839  0.90095315261290  0.57280717516129  0.57280717516129  0.08877655580645  0.49776717629032  0.49776717632258  0.24446854074194  0.48719125783871  0.48719125783871  -0.00170797864516  0.65924720387097  0.65924720419355  0.37226328774194  0.83681338861613  0.83681338861290  0.37006423783548
0.73698248991935  -0.03770915061290  -0.02923375032258  0.87484729967742  0.39952305516129  0.19569853590323  1.73066879129032  0.14310898506452  0.17271988006452  0.12917424383871  0.11224551158065  0.06578719774194  0.46834416558065  0.03013459245161  0.68764055706452  0.00277228593548  0.34358718290323  -0.15651677854839  0.48757143661290  0.29740690799677  -0.03149574480645  0.66910691335484  0.77449297287097  0.00000000000000  0.66941823361290  0.66941823361290  -0.10817982316129  0.84628951377419  0.84628951377419  0.03993781912903  0.73399026006452  0.73399025974194  0.05288588325806  0.66909464819355  0.66909464851613  -0.12806970570968  0.88912306589032  0.88912306588710  0.32848010894839  0.85252071919355  0.85252071919355  -0.11490854177419  1.02548386029032  1.02548386061290  0.34612793745161  0.87045598154839  0.87045598219355  0.08298693841935
-0.24372403335806  0.54770582741935  0.56851618883871  0.04853038064516  0.87629110376129  0.93973747087097  0.94827689774194  0.92901348087097  0.20951564312903  -0.29675798103226  1.41627862838710  0.34406221645161  0.07738806500000  0.17337932680645  0.65899711506452  0.05946772586452  0.74068370048387  0.25890301368387  0.08013404854839  1.06793627032258  0.67924126838710  -0.04570626896774  1.33479422183871  0.66941823361290  0.00000000000000  1.21548958987097  1.21548958987097  1.06726791051613  0.94937093225806  0.94937093225806  0.38519621741935  1.00019361051613  1.00019361374194  0.64997871890323  0.76287915629032  0.76287915725806  0.03561465435484  1.01440652522581  1.01440652522581  0.66754025212903  1.05179980696774  1.05179980696774  0.59527074722581  0.79612690745161  0.79612690745161  0.34323185125806  0.91956583612903  0.91956583612903
0.69022027774194  0.54770582741935  0.56851618880645  0.77816295335484  0.87629110440645  0.93973747022581  0.56496141838710  0.92901348087097  0.20951564312903  0.12531472487097  1.41627862838710  0.34406221645161  0.70141672429032  0.17337932648387  0.65899711506452  0.08216524187097  0.74068370080645  0.25890301372581  0.79366563290968  1.06793627064516  0.67924126838710  0.56484705741935  1.33479422183871  0.66941823361290  1.21548958987097  0.00000000000000  -0.15404458032258  0.58430381341935  0.58430381341935  0.23824929367742  0.80746870674194  0.80746870674194  0.08100961583871  0.82541602461290  0.82541602461613  0.21363240732903  0.73482704212903  0.73482704225806  -0.09196234241935  0.70824664771935  0.70824664740000  -0.33829715292258  0.62598790709677  0.62598790709677  -0.24507593161290  0.79663599187097  0.79663599187097  0.16560653974194
0.69022027774194  -0.10176391387097  -0.06840389848387  0.77816295335484  0.20875626947097  0.23299685570968  0.56496141838710  0.21797277377419  0.06819550325806  0.12531472458065  0.56935414516129  0.13040562483871  0.70141672400000  0.05497492287097  0.43146369216129  0.08216524219355  0.08781175274194  0.02040727462258  0.79366563290968  -0.01241103000000  0.02052365225806  0.56484705741935  1.13482623087097  -0.10817982316129  1.21548958987097  -0.15404458032258  0.00000000000000  0.75397049744516  0.75397049744839  -0.12959866963871  0.72069283125806  0.72069283061290  0.01325407287097  0.60119545354839  0.60119545354839  -0.10779519225806  0.82741751161290  0.82741751161290  0.12299847419355  0.48250929506452  0.48250929570968  0.11919159987097  0.46545120512903  0.46545120577419  0.09275449096774  0.49053403703226  0.49053403735484  0.18791563251613
0.14423313548387  0.32485433261613  0.57690870674194  -0.15143611529032  0.82970662064516  0.76798925787097  0.03743185212903  0.32076888980645  0.99874660322581  0.00332999545161  1.31972328096774  0.05271372777419  0.39937854541935  0.56999384161290  1.33567734670968  0.13016939212903  0.17175041583871  0.03603800083871  0.17034223871613  0.71905871048387  0.78916859206452  -0.17265469870968  1.24750374403226  0.84628951377419  1.06726791051613  0.58430381341935  0.75397049744516  0.00000000000000  0.41949642596774  0.41949642593548  -0.09447682432258  0.28333935750968  0.28333935777419  -0.08936587519355  1.26979466677419  1.26979466677419  0.51107696032258  1.27626407032258  1.27626407032258  0.66869657354839  1.49757552645161  1.49757552645161  0.91380679677419  0.44800680937742  0.44800680937419  -0.08717483746452  0.33072742548387  0.33072742548387
0.55875063061290  0.32485433260968  0.57690870419355  0.78022329203226  0.82970662064516  0.76798925819355  0.43478036954839  0.32076888983871  0.99874660322581  0.48011502361290  1.31972328096774  0.05271372809677  0.21762365458065  0.56999384161290  1.33567734670968  0.10749618703226  0.17175041551613  0.03603800116129  0.86994521505161  0.71905871048387  0.78916859206452  0.77931931290323  1.24750374370968  0.84628951377419  0.94937093225806  0.58430381341935  0.75397049744839  0.41949642596774  0.00000000000000  0.13948251064516  0.38107846112903  0.38107846109677  -0.27994912306452  0.44593662093548  0.44593662087097  0.02849155845161  0.80339207957742  0.80339207989355  0.41088496150968  0.48593117132258  0.48593117132258  -0.00484601274194  0.86293977664516  0.86293977664516  0.22447145980645  0.69649281438710  0.69649281438710  -0.16875033496774
0.55875063061290  0.01660669209677  -0.08095000480645  0.78022329203226  -0.10105758548387  -0.08992313148387  0.43478036954839  0.14942124564516  0.19091456774194  0.48011502329032  0.73340071838710  -0.05516093800000  0.21762365422581  -0.22755741516129  0.20566059251613  0.10749618638710  0.20762372641935  0.36099159438710  0.86994521502581  0.34802595306452  -0.18575075335484  0.77931931258065  0.63544746725806  0.03993781912903  0.94937093225806  0.23824929367742  -0.12959866963871  0.41949642593548  0.13948251064516  0.00000000000000  0.78794048771613  0.78794048772258  -0.18111858809032  1.00125729309677  1.00125729309677  0.32484517529032  0.90698964890323  0.90698964603226  -0.21196246106452  1.41271721903226  1.41271721903226  0.53435039709677  1.06445630470968  1.06445630567742  0.10216036338710  1.21822125612903  1.21822125612903  0.35808237032258
-0.00597591677419  0.39682037900000  0.55716450981936  -0.03637123203226  0.81182552222581  0.76485379945161  0.21125636977419  0.69389555795839  0.89831859677419  0.16760555845161  1.16122030248387  0.09388228335484  -0.01416252870968  0.42670269425806  0.46448295738710  0.19362200383871  0.38650160812903  1.40707229248387  0.00340387572903  0.71482216564516  0.87504674261290  0.05052026483871  1.18976945454839  0.73399026006452  0.38519621741935  0.80746870674194  0.72069283125806  -0.09447682432258  0.38107846112903  0.78794048771613  0.00000000000000  1.33057351193548  1.33057351193548  0.64234429967742  1.19740101380645  1.19740101348387  0.62642736780645  1.01806081103226  1.01806081200000  -0.17584693993548  1.15848216087097  1.15848216087097  0.62595435409677  1.36521536774194  1.36521536774194  0.80588956129032  0.99290842567742  0.99290842567742
0.95492877045161  0.39682037964516  0.55716450976452  0.92162602220968  0.81182552190323  0.76485379909677  0.21647781695806  0.69389555795710  0.89831859677419  0.17518412398387  1.16122030248387  0.09388228400000  0.42378470283871  0.42670269425806  0.46448295770968  0.42875237032258  0.38650160812903  1.40707229216129  0.73639783545161  0.71482216564516  0.87504674587097  0.53412073396774  1.18976945454839  0.73399025974194  1.00019361051613  0.80746870674194  0.72069283061290  0.28333935750968  0.38107846109677  0.78794048772258  1.33057351193548  0.00000000000000  0.27847497464516  1.13842508583871  1.13842508583871  -0.11183803319355  0.49553537574194  0.49553537574194  -0.14314418438710  0.60905228225806  0.60905228193548  0.02637261419355  0.86570410570968  0.86570410570968  0.18943846974194  0.69246726767742  0.69246726796774  -0.35407843583871
0.95492877045161  -0.06515595945161  0.15636263616452  0.92162602188710  -0.30255346222581  -0.34125787400000  0.21647781695806  0.13900805913903  0.19777588935484  0.17518412398710  0.27500113474194  0.12275987593548  0.42378470254839  0.04634382093548  -0.01338706196774  0.42875237032258  -0.07424849390323  0.72687488829032  0.73639783577419  0.39072994116129  0.04646135712903  0.53412073429032  0.90095315261290  0.05288588325806  1.00019361374194  0.08100961583871  0.01325407287097  0.28333935777419  -0.27994912306452  -0.18111858809032  1.33057351193548  0.27847497464516  0.00000000000000  0.74153888806452  0.74153888806452  0.02799405032258  0.70815814338710  0.70815814338710  0.02155517251613  0.78435487277419  0.78435487277419  0.26794298464516  1.14750389903226  1.14750389903226  0.06805241516129  0.81600166551613  0.81600166519355  0.19939164932258
0.01885853690323  0.36170221025806  0.33161681196774  -0.01266231843871  0.77071505774194  0.83561222193548  0.04892870792258  0.91722698531290  0.63136427587097  0.04363290408387  0.56334684012903  0.09129315219355  0.08807734483871  0.23163282741935  1.11421580145161  0.11386755741935  0.23351922432258  1.34613387383871  -0.07959828648387  0.72522420725806  0.61725290854839  0.09044167087097  0.57280717516129  0.66909464819355  0.64997871890323  0.82541602461290  0.60119545354839  -0.08936587519355  0.44593662093548  1.00125729309677  0.64234429967742  1.13842508583871  0.74153888806452  0.00000000000000  0.85957333935484  0.85957333967742  -0.14494483387097  1.00210051806452  1.00210052161290  -0.07092921225806  0.64569697236129  0.64569697300323  -0.00666270841290  0.62627211312903  0.62627211348387  -0.01986249538710  0.72765951535806  0.72765951532581
1.03221553719355  0.36170221025806  0.33161681196774  0.41667269025806  0.77071505770968  0.83561222225806  0.50290466170968  0.91722698499032  0.63136427587097  0.01101826738710  0.56334684012903  0.09129315187097  0.26437692977419  0.23163282741935  1.11421580145161  0.08936481548387  0.23351922432258  1.34613387383871  0.85522931387097  0.72522420693548  0.61725290854839  0.52391055506452  0.57280717516129  0.66909464851613  0.76287915629032  0.82541602461613  0.60119545354839  1.26979466677419  0.44593662087097  1.00125729309677  1.19740101380645  1.13842508583871  0.74153888806452  0.85957333935484  0.00000000000000  0.03401519242258  0.53764672838710  0.53764672838710  -0.06339074700000  0.51193230048387  0.51193230048387  -0.23897177287097  1.31493310419355  1.31493310419355  0.67494947451613  1.43346762161290  1.43346762161290  1.02841106032258
1.03221553751613  0.13830057012903  -0.02843444554839  0.41667268993548  0.00777145838710  0.07360662129032  0.50290466170968  0.42898120733548  0.12712936103226  0.01101826738710  0.03552835241935  0.16951193103226  0.26437692983871  0.02981130354839  0.14353150112903  0.08936481548387  0.02987853603226  0.95916510932258  0.85522931387097  0.24758710790323  -0.33799965961290  0.52391055570968  0.08877655580645  -0.12806970570968  0.76287915725806  0.21363240732903  -0.10779519225806  1.26979466677419  0.02849155845161  0.32484517529032  1.19740101348387  -0.11183803319355  0.02799405032258  0.85957333967742  0.03401519242258  0.00000000000000  0.61915827129032  0.61915827129032  0.26125939258065  0.51414982516129  0.51414982516129  0.29826419290323  0.46930466393548  0.46930466387097  0.02915543748387  0.61377024716129  0.61377024716129  0.34324805470968
0.28688207235484  0.76144991848387  0.30997584961290  -0.04798440812903  0.89190772230464  0.82960522441935  0.13466679461290  0.22157992858065  0.37739496938710  0.05178521764516  1.26436889193548  0.34106272000000  0.21498743145161  0.55935690830968  0.42102910548387  0.20094977419355  0.29188124487097  1.11713646741935  -0.06009086161290  0.54035260248387  0.88631713748387  -0.14655543241935  0.49776717629032  0.88912306589032  0.03561465435484  0.73482704212903  0.82741751161290  0.51107696032258  0.80339207957742  0.90698964890323  0.62642736780645  0.49553537574194  0.70815814338710  -0.14494483387097  0.53764672838710  0.61915827129032  0.00000000000000  0.80908726370968  0.80908726370968  0.12249768958065  0.70860241619355  0.70860241587097  -0.06372602509677  0.76086354122581  0.76086354154839  -0.09567686651613  0.90708053251935  0.90708053284194
1.02161021809677  0.76144991851613  0.30997585058065  0.30517118693548  0.89190772230471  0.82960522474194  0.31889968067742  0.22157992825806  0.37739496938710  1.80359962929032  1.26436889193548  0.34106272032258  0.33193248103226  0.55935690798710  0.42102910516129  0.48477259190323  0.29188124554839  1.11713646741935  0.88614721583871  0.54035260345161  0.88631713748387  0.63428942897742  0.49776717632258  0.88912306588710  1.01440652522581  0.73482704225806  0.82741751161290  1.27626407032258  0.80339207989355  0.90698964603226  1.01806081103226  0.49553537574194  0.70815814338710  1.00210051806452  0.53764672838710  0.61915827129032  0.80908726370968  0.00000000000000  -0.27003027380645  0.72569918174194  0.72569918174194  -0.13569004535484  1.00103663548387  1.00103663548387  0.23920897741935  1.02425200322581  1.02425200322581  -0.05521080322581
1.02161021806452  -0.01524350845161  -0.08351490832258  0.30517118690323  -0.05485673317748  -0.30511026887097  0.31889968067742  -0.06279963206452  0.15438902719355  1.80359962929032  0.04748753322581  0.09027428096774  0.33193248164516  0.05834879547097  0.30835250935484  0.48477259190323  0.19934431725806  0.61184008483871  0.88614721551613  0.02165045312903  -0.16612454941935  0.63428942578387  0.24446854074194  0.32848010894839  1.01440652522581  -0.09196234241935  0.12299847419355  1.27626407032258  0.41088496150968  -0.21196246106452  1.01806081200000  -0.14314418438710  0.02155517251613  1.00210052161290  -0.06339074700000  0.26125939258065  0.80908726370968  -0.27003027380645  0.00000000000000  1.04890086019355  1.04890086051613  0.22396566948387  0.98854047300000  0.98854047364516  -0.17657767809677  1.16328890161290  1.16328890161290  0.91691975838710
0.20412284532258  0.45687456422581  0.34187118458065  -0.34225972096774  0.84865433064516  0.90966377222581  0.34767157519355  0.31664857596774  0.64782123629032  0.55129282090323  0.40082474419355  0.11191530019355  -0.05630631406452  0.43329136551613  0.86725277283871  0.11397454880645  0.22310816067742  1.05642557383871  -0.33120834900000  0.89958368945161  0.52583716887097  0.05520604557097  0.48719125783871  0.85252071919355  0.66754025212903  0.70824664771935  0.48250929506452  0.66869657354839  0.48593117132258  1.41271721903226  -0.17584693993548  0.60905228225806  0.78435487277419  -0.07092921225806  0.51193230048387  0.51414982516129  0.12249768958065  0.72569918174194  1.04890086019355  0.00000000000000  0.87772299770968  0.87772299770968  0.63141929096774  1.12618581616129  1.12618581583871  0.72125984358065  0.78977671278065  0.78977671375161
0.99517424548387  0.45687456425806  0.34187118451613  0.28751653651613  0.84865433032258  0.90966377222581  0.25650209848387  0.31664857567742  0.64782123635484  0.70435915032258  0.40082474387097  0.11191529693548  0.22984458809677  0.43329136545161  0.86725277283871  0.32293026154839  0.22310816064516  1.05642557383871  0.76274175941935  0.89958368945161  0.52583716951613  0.50168298048065  0.48719125783871  0.85252071919355  1.05179980696774  0.70824664740000  0.48250929570968  1.49757552645161  0.48593117132258  1.41271721903226  1.15848216087097  0.60905228193548  0.78435487277419  0.64569697236129  0.51193230048387  0.51414982516129  0.70860241619355  0.72569918174194  1.04890086051613  0.87772299770968  0.00000000000000  0.37406170096452  1.15684401600000  1.15684401600000  0.74246105600000  1.05781750102903  1.05781750102903  0.60584421444839
0.99517424548387  -0.04245166093548  -0.08756940190323  0.28751653651613  -0.19936175516129  0.26509639493548  0.25650209809677  0.10201592996774  -0.04908147209677  0.70435915032258  0.11830725193548  -0.01887564335484  0.22984458803226  0.12490665170968  -0.11619571703226  0.32293026151613  0.07658249977419  0.70974136616129  0.76274175941935  0.58236881719355  -0.06935285661290  0.50168298014516  -0.00170797864516  -0.11490854177419  1.05179980696774  -0.33829715292258  0.11919159987097  1.49757552645161  -0.00484601274194  0.53435039709677  1.15848216087097  0.02637261419355  0.26794298464516  0.64569697300323  -0.23897177287097  0.29826419290323  0.70860241587097  -0.13569004535484  0.22396566948387  0.87772299770968  0.37406170096452  0.00000000000000  0.90806834129032  0.90806834129032  0.38520254516129  1.04216774077419  1.04216774045161  -0.12586976206452
0.39660496483871  0.73348199551613  0.70459474870968  -0.05749258054839  1.01595706196774  0.63788474774194  0.22707319335484  0.35954982600000  0.26228121432258  0.15809250838710  1.04316879967742  0.53177633535484  0.01484120012903  0.22715266425806  1.05047619806452  -0.01784973332258  -0.02452372774194  1.06289746322806  -0.25706253174194  0.87241881076129  0.70293192387742  -0.10140447724839  0.65924720387097  1.02548386029032  0.59527074722581  0.62598790709677  0.46545120512903  0.91380679677419  0.86293977664516  1.06445630470968  0.62595435409677  0.86570410570968  1.14750389903226  -0.00666270841290  1.31493310419355  0.46930466393548  -0.06372602509677  1.00103663548387  0.98854047300000  0.63141929096774  1.15684401600000  0.90806834129032  0.00000000000000  0.67906297335484  0.67906297335484  0.10539755164516  0.78536009364516  0.78536009329032
0.75759754951613  0.73348199550323  0.70459474838710  0.44937657047742  1.01595706196774  0.63788474806452  1.05051160958065  0.35954982635484  0.26228121419355  0.39461835741935  1.04316879967742  0.53177633503226  0.12580396587097  0.22715266425806  1.05047619806452  1.11752793174194  -0.02452372838710  1.06289746322774  1.47224007684194  0.87241881076774  0.70293192390645  0.34994181909677  0.65924720419355  1.02548386061290  0.79612690745161  0.62598790709677  0.46545120577419  0.44800680937742  0.86293977664516  1.06445630567742  1.36521536774194  0.86570410570968  1.14750389903226  0.62627211312903  1.31493310419355  0.46930466387097  0.76086354122581  1.00103663548387  0.98854047364516  1.12618581616129  1.15684401600000  0.90806834129032  0.67906297335484  0.00000000000000  0.06646568845161  0.92481540290323  0.92481540290323  -0.09940958741935
0.75759754951613  -0.04860545612903  0.11618676354839  0.44937657014516  -0.01662821532258  0.17346914419355  1.05051160954839  0.08938908600000  0.05998599590323  0.39461835741935  -0.06115236096774  0.10993012083871  0.12580396587097  0.13941826122581  0.47835347012903  1.11752793174194  0.11214471419355  0.57029607773774  1.47224007683871  0.52028476108387  0.25312594657742  0.34994181877419  0.37226328774194  0.34612793745161  0.79612690745161  -0.24507593161290  0.09275449096774  0.44800680937419  0.22447145980645  0.10216036338710  1.36521536774194  0.18943846974194  0.06805241516129  0.62627211348387  0.67494947451613  0.02915543748387  0.76086354154839  0.23920897741935  -0.17657767809677  1.12618581583871  0.74246105600000  0.38520254516129  0.67906297335484  0.06646568845161  0.00000000000000  0.78465967361290  0.78465967329032  -0.21094281548387
0.30559853790323  0.62228273941935  0.50373639696774  -0.22755007699355  0.90972435370968  0.58433975045161  -0.02143915106452  0.08527622364516  0.53096689545161  0.08163617677419  0.37940108248387  0.25561778048387  -0.11262379196774  1.19733837296774  0.22617416029032  0.44697717625806  0.08977651374194  0.62789917487097  0.64327418845484  0.75195008487097  0.75222787244194  -0.10126405896774  0.83681338861613  0.87045598154839  0.34323185125806  0.79663599187097  0.49053403703226  -0.08717483746452  0.69649281438710  1.21822125612903  0.80588956129032  0.69246726767742  0.81600166551613  -0.01986249538710  1.43346762161290  0.61377024716129  -0.09567686651613  1.02425200322581  1.16328890161290  0.72125984358065  1.05781750102903  1.04216774077419  0.10539755164516  0.92481540290323  0.78465967361290  0.00000000000000  0.91436095238710  0.91436095529032
