0.00000000000000  1.04106725779355  1.04106725779355  0.59337234553548  0.87678962793548  0.87678962793548  0.41594655980645  0.61058066201935  0.61058066201935  0.18852624520645  0.65745718532258  0.65745718564516  0.28088956790323  0.24110939880323  0.24110939883226  -0.00069826607097  0.14608871961290  0.14608871961290  -0.07374420593548  0.15668504399032  0.15668504395806  0.03128657705161  0.18280545412903  0.18280545413226  -0.06105737154839  0.25323208893548  0.25323208893548  0.02980715493548  0.21774013445161  0.21774013409677  0.04448984606452  0.48824711677419  0.48824711677419  0.03324258451613  0.56482634254839  0.56482634287097  0.14062763448387  0.55440516236774  0.55440516237097  0.12273753733548  0.60552805303226  0.60552805306452  0.12652544080645  0.47194508229032  0.47194508229032  0.04864371390323  0.93147444612903  0.93147444612903
1.04106725779355  0.00000000000000  0.67404847451613  0.41700022647742  0.41700022644516  0.24461587584194  0.52468334983871  0.52468334983871  0.22682770319355  0.29942096322581  0.29942096290323  0.22177758748387  0.34024976374194  0.34024976374194  -0.11279410406452  0.42111193464516  0.42111193464516  0.06273452406452  0.24743148590323  0.24743148590323  -0.15019856041935  0.20317533735484  0.20317533767742  0.09939031341935  0.13762407783871  0.13762407783871  -0.05780412229032  0.10173656728065  0.10173656728065  0.01521953878065  0.09795904443871  0.09795904479355  0.02342359704839  0.06257162254516  0.06257162220000  0.02734335082258  0.30368940748387  0.30368940748387  0.07209871267742  0.19713926416129  0.19713926416129  -0.02358804332258  0.30513846248387  0.30513846248387  -0.04178170054839  0.22048708324839  0.22048708324516  0.01445012240000
1.04106725779355  0.67404847451613  0.00000000000000  0.52917548032258  0.52917548032258  0.00088899709677  0.46267451425355  0.46267451425548  0.06738000315774  0.36514011982258  0.36514011982258  0.17077518469355  0.25285954993548  0.25285954993548  -0.02535643461290  0.27628271998065  0.27628272005484  0.12790958279677  0.10000071496774  0.10000071496774  0.08377928922581  0.15976572883548  0.15976572880323  -0.04695834511613  0.20087879316452  0.20087879326129  -0.09305322893871  0.13385991493548  0.13385991500000  -0.03635864354839  0.14211520768065  0.14211520765161  -0.05162430626452  0.05525867829677  0.05525867861935  -0.01977711652258  -0.04752093845161  -0.04752093845161  0.02714639458065  0.06978698151613  0.06978698184194  -0.02900053755806  0.31164918990000  0.31164919022581  -0.00245059538387  0.22280549309032  0.22280549309355  -0.06475064697097
0.59337234553548  0.41700022647742  0.52917548032258  0.00000000000000  0.17912038336129  0.17912038303548  0.03361425857742  0.43513876596774  0.43513876564516  0.07414647693548  0.28480319651613  0.28480319651613  0.10437391780645  0.34404002116129  0.34404002116129  0.05979901690323  0.32196737296774  0.32196737296774  -0.03947344890323  0.26609640364516  0.26609640361290  0.07552296706452  0.37682641177419  0.37682641177419  0.10496889609677  0.29837420806452  0.29837420806452  0.11358192896774  0.33905226619355  0.33905226619355  0.17340564703226  0.43055649267742  0.43055649267742  0.14141752170968  0.30532029803226  0.30532029803226  -0.01530662235484  0.30171791104516  0.30171791104839  -0.07786501581935  0.35184534064516  0.35184534064516  0.00009570845161  0.39677740652581  0.39677740652258  -0.14741433676452  0.50106045561290  0.50106045561290
0.87678962793548  0.41700022644516  0.52917548032258  0.17912038336129  0.00000000000000  0.04046386587097  0.56628366148387  0.56628366180645  0.22347714264516  0.70775251616129  0.70775251616129  0.37512499674194  0.51392791090323  0.51392791090323  0.18463458703226  0.52494037910000  0.52494037877742  0.05110278799355  0.42098673874194  0.42098673874194  -0.10847119364516  0.52757732077419  0.52757732077419  0.20869255174194  0.49476122277419  0.49476122309677  -0.12624591529032  0.39423001576774  0.39423001544516  0.11112689544516  0.31263127112903  0.31263127112903  0.06196550558065  0.38894706416129  0.38894706416129  0.18908188138710  0.32591715625806  0.32591715690323  0.13196622496774  0.27559162877419  0.27559162858065  0.02225133383871  0.44658363693548  0.44658363661290  0.14055796500000  0.46836673029032  0.46836673038710  0.04927381719355
0.87678962793548  0.24461587584194  0.00088899709677  0.17912038303548  0.04046386587097  0.00000000000000  0.49719738893548  0.49719738893548  -0.12814001093548  0.44518726687097  0.44518726687097  -0.03184021119355  0.33675669296774  0.33675669296774  -0.13455369974194  0.44099593305806  0.44099593306452  -0.07637724821613  0.47408252186452  0.47408252186129  0.00127107058387  0.32895530093871  0.32895530093871  -0.08601250280645  0.36871466829032  0.36871466829032  0.07912036925806  0.15014076551613  0.15014076551613  0.03170066654839  0.22859213106419  0.22859213106258  -0.08491694635613  0.42314878993548  0.42314879000000  0.00666786864516  0.28958290605484  0.28958290573226  0.03594395794516  0.31540867253226  0.31540867285161  0.06434284103871  0.24829669858387  0.24829669859677  0.10763947959355  0.12967782460000  0.12967782453548  -0.01303210110968
0.41594655980645  0.52468334983871  0.46267451425355  0.03361425857742  0.56628366148387  0.49719738893548  0.00000000000000  0.23763973666774  0.23763973702258  0.11724331204194  0.33054985493548  0.33054985525806  0.04481050990323  0.30522270234516  0.30522270270000  -0.05515421885161  0.22959866409032  0.22959866412258  0.00788124229677  1.14017079636129  1.14017079635484  0.70120108705161  1.33989210322581  1.33989210322581  0.77907248580645  0.22150860631613  0.22150860631290  0.07122959371935  0.07228061501968  0.07228061498774  0.01337445901806  0.02056401646774  0.02056401643548  0.05676889854194  0.07286743781613  0.07286743781290  0.02100207917097  0.14121854248387  0.14121854248387  0.05318622958065  0.12892736001935  0.12892735996774  0.11327031781290  0.61691530038710  0.61691530038710  -0.06832577874194  0.78833441864516  0.78833441864516
0.61058066201935  0.52468334983871  0.46267451425548  0.43513876596774  0.56628366180645  0.49719738893548  0.23763973666774  0.00000000000000  0.15818367474194  0.69231010403226  0.69231010403226  0.19343543532258  0.66217257274194  0.66217257274194  0.36785357945161  0.43081854790323  0.43081854758065  0.36410545377419  0.91026690493548  0.91026690493548  0.40867085570968  0.24245177629032  0.24245177625806  0.07012283764516  0.47445760969677  0.47445761001935  0.03992967907742  0.11956958158065  0.11956958161290  0.21626419403226  0.31040342648387  0.31040342648387  0.11231558700000  0.38175315625806  0.38175315625806  0.22961643574194  0.10788603893548  0.10788603925806  -0.00479707312903  0.03309524880645  0.03309524887097  0.05623590351613  0.09091590392581  0.09091590392581  -0.02083775861935  0.00954873775161  0.00954873794516  0.11567877478387
0.61058066201935  0.22682770319355  0.06738000315774  0.43513876564516  0.22347714264516  -0.12814001093548  0.23763973702258  0.15818367474194  0.00000000000000  0.06498783141935  0.06498783119355  0.12041649461290  0.03062523780645  0.03062523780645  -0.03366570954839  0.22221187226452  0.22221187226452  0.01334714083226  0.13941562932903  0.13941562965484  0.04651529763548  0.22750618616129  0.22750618616129  -0.01804826616129  0.17490700693226  0.17490700725161  -0.00649790087742  0.65770152504816  0.65770152569442  0.02885908233865  0.50036564007097  0.50036563972258  0.02288357557097  0.40642217641935  0.40642217641935  0.18721043829032  0.27303851712903  0.27303851648387  0.08360136629032  0.31454512364516  0.31454512364516  0.18459057416129  0.11632631161290  0.11632631125806  0.06352547800000  0.10993326280968  0.10993326277742  0.00165038306774
0.18852624520645  0.29942096322581  0.36514011982258  0.07414647693548  0.70775251616129  0.44518726687097  0.11724331204194  0.69231010403226  0.06498783141935  0.00000000000000  0.04388565145161  0.04388565144839  -0.02547325170645  0.07719022193548  0.07719022158065  0.06116058525806  0.04264433145484  0.04264433116452  -0.02238628154516  0.01357637641935  0.01357637670968  -0.04510956512903  0.00060043393548  0.00060043438710  0.05273034790323  0.01223012361290  0.01223012361290  0.00085129996774  0.14625223154839  0.14625223154839  -0.04098457090323  0.13161835058065  0.13161835067742  -0.07066605709677  0.11849583235484  0.11849583170968  0.02859359248387  1.37015558725806  1.37015558725806  0.54660600854839  0.46798265803226  0.46798265835484  0.16452842803226  0.11374815588323  0.11374815588258  0.04549008923323  0.11149044431290  0.11149044398710
0.65745718532258  0.29942096290323  0.36514011982258  0.28480319651613  0.70775251616129  0.44518726687097  0.33054985493548  0.69231010403226  0.06498783119355  0.04388565145161  0.00000000000000  0.03034922927742  0.13256992987742  0.13256992981290  0.02304905326452  0.21468205686774  0.21468205686774  0.06146521587097  0.18486429724839  0.18486429724839  -0.01331343862258  0.69034663751613  0.69034663751613  0.03658862777419  0.86708752370968  0.86708752370968  0.32542814564516  0.73032844900000  0.73032844932258  0.35745721532258  0.53556121996774  0.53556121993548  0.20893357141935  0.25543954848387  0.25543954848387  0.02737215900000  0.62479016912903  0.62479016912903  0.19211770796774  0.19246838816129  0.19246838787097  0.04636833209677  0.55289518204516  0.55289518171935  -0.00233321843226  0.06780714170968  0.06780714174194  0.15540929641935
0.65745718564516  0.22177758748387  0.17077518469355  0.28480319651613  0.37512499674194  -0.03184021119355  0.33054985525806  0.19343543532258  0.12041649461290  0.04388565144839  0.03034922927742  0.00000000000000  0.63403356064516  0.63403356064516  0.19163125677419  0.57509970677419  0.57509970677419  0.11284693129032  0.19375594600000  0.19375594603226  0.04683348177419  0.13031658588387  0.13031658526774  0.06099266389032  0.13123115700000  0.13123115700000  -0.00550620196774  0.05920554116129  0.05920554103226  0.06922279574194  0.09397657686774  0.09397657718710  0.15078659325484  0.10275339710968  0.10275339679032  0.03111634340323  0.23720371632677  0.23720371635097  0.03107933809032  0.12460912307742  0.12460912308065  0.02111807669355  0.28750738514194  0.28750738481935  0.06275266569677  0.17194845691290  0.17194845691613  0.00884031194839
0.28088956790323  0.34024976374194  0.25285954993548  0.10437391780645  0.51392791090323  0.33675669296774  0.04481050990323  0.66217257274194  0.03062523780645  -0.02547325170645  0.13256992987742  0.63403356064516  0.00000000000000  0.64393975741935  0.64393975745161  0.20007621677419  0.46426316165806  0.46426316165806  0.02731825714194  0.27718591425806  0.27718591425806  0.18437825077419  0.21258318825806  0.21258318822581  0.02529758535484  0.37386470122581  0.37386470158065  0.19989679706452  0.07607795383252  0.07607795378810  -0.00306561834287  0.08684410969194  0.08684410969032  0.03829999092161  0.10421237319355  0.10421237351613  0.09552601277419  0.02400426926452  0.02400426930323  0.03631374274516  0.06399540538710  0.06399540535484  -0.08905635729032  0.10572093667742  0.10572093648387  -0.03345057558065  0.07196717681290  0.07196717713226
0.24110939880323  0.34024976374194  0.25285954993548  0.34404002116129  0.51392791090323  0.33675669296774  0.30522270234516  0.66217257274194  0.03062523780645  0.07719022193548  0.13256992981290  0.63403356064516  0.64393975741935  0.00000000000000  0.08671448003871  0.09628773126774  0.09628773094839  0.08202384760323  0.23022237035484  0.23022237067742  0.03971151109677  0.19714329614839  0.19714329579355  -0.03059323271935  0.14722824522903  0.14722824519032  0.03424358521613  0.33172953275484  0.33172953275484  0.04976591559355  0.10058871830323  0.10058871826774  0.04914687930968  0.06393735971290  0.06393735974516  0.19205746764839  0.08885932387097  0.08885932387097  0.03484525361290  0.22693107909677  0.22693107909677  0.07902131987097  0.13244577819355  0.13244577816129  0.12223819387097  0.66370954816129  0.66370954816129  0.14638494945161
0.24110939883226  -0.11279410406452  -0.02535643461290  0.34404002116129  0.18463458703226  -0.13455369974194  0.30522270270000  0.36785357945161  -0.03366570954839  0.07719022158065  0.02304905326452  0.19163125677419  0.64393975745161  0.08671448003871  0.00000000000000  0.83076050258065  0.83076050258065  0.35381613935484  0.78577757806452  0.78577757809677  0.27072501612903  0.60673387803226  0.60673387803548  0.36055455545161  0.35909865512903  0.35909865512903  0.25884062267742  0.73124886645161  0.73124886645161  0.32964627451613  0.21160040119355  0.21160040116129  0.08846497132258  0.62057378722581  0.62057378722581  0.05148466667742  0.06564059764516  0.06564059796774  0.11143132132258  0.46198066062452  0.46198066062258  0.03025799782097  0.59216662757097  0.59216662753548  0.30596278310645  0.14220005690323  0.14220005658065  0.11831602593548
-0.00069826607097  0.42111193464516  0.27628271998065  0.05979901690323  0.52494037910000  0.44099593305806  -0.05515421885161  0.43081854790323  0.22221187226452  0.06116058525806  0.21468205686774  0.57509970677419  0.20007621677419  0.09628773126774  0.83076050258065  0.00000000000000  0.08199185905806  0.08199185841290  0.01146192378065  0.08008543864516  0.08008543864516  -0.01195684012903  0.00593781201613  0.00593781188387  0.18998510598387  0.04281824725806  0.04281824735484  0.10202575400000  0.04565308298710  0.04565308266129  0.05528160559677  0.23843507500000  0.23843507499032  0.07683430525806  0.09924130091400  0.09924130059523  0.08514932444687  0.26177398261290  0.26177398261290  -0.02385154467742  0.16579517667419  0.16579517631935  -0.08473181889677  0.71432656441935  0.71432656441935  0.14590209409677  0.51945991509677  0.51945991477419
0.14608871961290  0.42111193464516  0.27628272005484  0.32196737296774  0.52494037877742  0.44099593306452  0.22959866409032  0.43081854758065  0.22221187226452  0.04264433145484  0.21468205686774  0.57509970677419  0.46426316165806  0.09628773094839  0.83076050258065  0.08199185905806  0.00000000000000  -0.01303339654839  0.36062213203226  0.36062213235484  0.22844055306452  0.22472922713871  0.22472922713871  -0.00283373208710  0.47052968051613  0.47052968054839  0.14385425361290  0.12043766783871  0.12043766774194  0.10944894222581  0.13162012772258  0.13162012768387  -0.07441304751935  0.03620215667742  0.03620215700000  -0.03018836577419  0.01533244599677  0.01533244570968  0.00369351106774  0.02088716865226  0.02088716836355  -0.01431859756355  0.04488767184839  0.04488767152258  -0.10909678026129  0.06287653232581  0.06287653197097  -0.08772314331613
0.14608871961290  0.06273452406452  0.12790958279677  0.32196737296774  0.05110278799355  -0.07637724821613  0.22959866412258  0.36410545377419  0.01334714083226  0.04264433116452  0.06146521587097  0.11284693129032  0.46426316165806  0.08202384760323  0.35381613935484  0.08199185841290  -0.01303339654839  0.00000000000000  0.07932174300000  0.07932174335484  -0.05780056248065  0.16705142941935  0.16705142974194  -0.00736789690323  0.13745519436452  0.13745519441613  -0.10353844661935  0.12567038631935  0.12567038660645  0.04936246013226  0.85749845838710  0.85749845838710  0.42898949032258  0.99730748225806  0.99730748225806  0.55459830161290  0.48228654787097  0.48228654783871  0.25306307009677  0.60315046993548  0.60315046993548  0.29590344219355  0.59761492251613  0.59761492219355  0.26729770067742  0.24723817352581  0.24723817385000  0.13610115094387
-0.07374420593548  0.24743148590323  0.10000071496774  -0.03947344890323  0.42098673874194  0.47408252186452  0.00788124229677  0.91026690493548  0.13941562932903  -0.02238628154516  0.18486429724839  0.19375594600000  0.02731825714194  0.23022237035484  0.78577757806452  0.01146192378065  0.36062213203226  0.07932174300000  0.00000000000000  0.29971682735484  0.29971682735484  0.06911740348387  0.28124039988581  0.28124039988387  0.01117587166323  0.35648028367742  0.35648028370645  0.16201258293226  0.36458906267742  0.36458906270968  -0.01306032893548  0.27251744088710  0.27251744089032  -0.04708228730323  0.34824254485806  0.34824254521290  -0.07178482369032  0.41678367429032  0.41678367429032  -0.11023982983871  0.24396110897226  0.24396110897194  -0.00851467735129  1.04119599741935  1.04119599741935  0.61519154645161  0.64195251709677  0.64195251706452
0.15668504399032  0.24743148590323  0.10000071496774  0.26609640364516  0.42098673874194  0.47408252186129  1.14017079636129  0.91026690493548  0.13941562965484  0.01357637641935  0.18486429724839  0.19375594603226  0.27718591425806  0.23022237067742  0.78577757809677  0.08008543864516  0.36062213235484  0.07932174335484  0.29971682735484  0.00000000000000  -0.19824359196774  0.71126686600000  0.71126686603226  0.09986651796774  0.62432099732258  0.62432099764516  0.10354517635484  0.56790848200000  0.56790848200000  0.25826546709677  0.62971396748387  0.62971396748387  0.36478921554839  0.55317324887097  0.55317324890323  0.28554732241935  0.48737872119355  0.48737872087097  0.14448765545161  0.55610074667419  0.55610074667097  0.32326140313226  0.60009811274194  0.60009811270968  0.35142670980645  0.54876740667742  0.54876740635484  0.22149244474194
0.15668504395806  -0.15019856041935  0.08377928922581  0.26609640361290  -0.10847119364516  0.00127107058387  1.14017079635484  0.40867085570968  0.04651529763548  0.01357637670968  -0.01331343862258  0.04683348177419  0.27718591425806  0.03971151109677  0.27072501612903  0.08008543864516  0.22844055306452  -0.05780056248065  0.29971682735484  -0.19824359196774  0.00000000000000  0.42847225542258  0.42847225541935  0.00417231590000  0.34855087719355  0.34855087712903  -0.05498152370968  0.31608398777419  0.31608398777419  -0.06527802861290  0.35674126870968  0.35674126870968  0.06711679267742  0.32174453861290  0.32174453893548  -0.13440891474194  0.35604861419355  0.35604861416129  -0.13906748896774  0.10304131611290  0.10304131614516  -0.03712523317742  0.29397600948387  0.29397600945161  0.06876757235484  0.47284509567742  0.47284509538710  -0.04644730629032
0.03128657705161  0.20317533735484  0.15976572883548  0.07552296706452  0.52757732077419  0.32895530093871  0.70120108705161  0.24245177629032  0.22750618616129  -0.04510956512903  0.69034663751613  0.13031658588387  0.18437825077419  0.19714329614839  0.60673387803226  -0.01195684012903  0.22472922713871  0.16705142941935  0.06911740348387  0.71126686600000  0.42847225542258  0.00000000000000  0.33893273006452  0.33893273006452  0.10249227135484  0.27598636222903  0.27598636222903  -0.02071463232581  0.42544769906129  0.42544769873871  -0.00752080093226  0.23930110154839  0.23930110251613  -0.05224698503226  0.26599899643548  0.26599899671290  -0.00447213451613  0.29871010941935  0.29871010909677  0.12487877658065  0.22162084812903  0.22162084796774  -0.09294323419355  0.15773201206452  0.15773201180645  -0.09209398264516  1.17382562322581  1.17382562322581
0.18280545412903  0.20317533767742  0.15976572880323  0.37682641177419  0.52757732077419  0.32895530093871  1.33989210322581  0.24245177625806  0.22750618616129  0.00060043393548  0.69034663751613  0.13031658526774  0.21258318825806  0.19714329579355  0.60673387803548  0.00593781201613  0.22472922713871  0.16705142974194  0.28124039988581  0.71126686603226  0.42847225541935  0.33893273006452  0.00000000000000  0.63797022516129  0.76083906122581  0.76083906122581  0.58767943412903  0.60871692690323  0.60871692690323  0.39208880906452  0.65490699522581  0.65490699522581  0.53454207590323  0.14441327532581  0.14441327564839  0.11465990859355  0.05302148109677  0.05302148112903  0.04809878241935  0.15090508293548  0.15090508293548  -0.00771491983871  0.14417234061290  0.14417234061290  -0.04097242145161  0.23313216306452  0.23313216303226  0.15690711209677
0.18280545413226  0.09939031341935  -0.04695834511613  0.37682641177419  0.20869255174194  -0.08601250280645  1.33989210322581  0.07012283764516  -0.01804826616129  0.00060043438710  0.03658862777419  0.06099266389032  0.21258318822581  -0.03059323271935  0.36055455545161  0.00593781188387  -0.00283373208710  -0.00736789690323  0.28124039988387  0.09986651796774  0.00417231590000  0.33893273006452  0.63797022516129  0.00000000000000  0.09838036919032  0.09838036886774  -0.08055262303548  0.27942324390323  0.27942324390323  0.01933605019355  0.21029631432258  0.21029631464516  0.02709825141935  0.18901407338710  0.18901407383871  0.02019054674194  0.45107876129032  0.45107876125806  0.10016986277419  0.36486925183871  0.36486925183871  -0.10271062435484  0.63493053822903  0.63493053824194  0.28729107975161  0.45062558158065  0.45062558232258  0.04625880590323
-0.06105737154839  0.13762407783871  0.20087879316452  0.10496889609677  0.49476122277419  0.36871466829032  0.77907248580645  0.47445760969677  0.17490700693226  0.05273034790323  0.86708752370968  0.13123115700000  0.02529758535484  0.14722824522903  0.35909865512903  0.18998510598387  0.47052968051613  0.13745519436452  0.01117587166323  0.62432099732258  0.34855087719355  0.10249227135484  0.76083906122581  0.09838036919032  0.00000000000000  0.93457667387097  0.93457667390323  0.84818128229032  0.77080189825806  0.77080189825806  0.48287454406452  0.67484955738710  0.67484955738710  0.44706586712903  0.57232809532258  0.57232809600000  0.19812343606452  0.54228099338710  0.54228099306452  0.38734912532258  0.61217641180645  0.61217641180645  0.36015492106452  0.45386701154839  0.45386701119355  0.12801337574194  0.46905928558065  0.46905928561290
0.25323208893548  0.13762407783871  0.20087879326129  0.29837420806452  0.49476122309677  0.36871466829032  0.22150860631613  0.47445761001935  0.17490700725161  0.01223012361290  0.86708752370968  0.13123115700000  0.37386470122581  0.14722824519032  0.35909865512903  0.04281824725806  0.47052968054839  0.13745519441613  0.35648028367742  0.62432099764516  0.34855087712903  0.27598636222903  0.76083906122581  0.09838036886774  0.93457667387097  0.00000000000000  0.00388636706452  0.14198875574194  0.14198875574194  -0.13533664574194  0.20784521342903  0.20784521361935  -0.05292632128065  0.25407460439032  0.25407460438387  0.11986636560000  0.21506118138710  0.21506118138710  -0.00841050770968  0.26155966487097  0.26155966487097  -0.08517668100000  0.17531474022581  0.17531474019355  -0.00841239964516  0.27553217429032  0.27553217429032  0.08927560906452
0.25323208893548  -0.05780412229032  -0.09305322893871  0.29837420806452  -0.12624591529032  0.07912036925806  0.22150860631290  0.03992967907742  -0.00649790087742  0.01223012361290  0.32542814564516  -0.00550620196774  0.37386470158065  0.03424358521613  0.25884062267742  0.04281824735484  0.14385425361290  -0.10353844661935  0.35648028370645  0.10354517635484  -0.05498152370968  0.27598636222903  0.58767943412903  -0.08055262303548  0.93457667390323  0.00388636706452  0.00000000000000  0.46565100909677  0.46565100877419  0.07212227393548  0.32762130306452  0.32762130332258  0.07337622670968  0.25469700412903  0.25469700383871  0.01117809119355  0.42565221577419  0.42565221577419  0.05808861170645  0.19393000590323  0.19393000658065  -0.08626279474194  0.20493107254839  0.20493107283871  0.04505512816129  0.19732931787097  0.19732931761290  0.16438769564516
0.02980715493548  0.10173656728065  0.13385991493548  0.11358192896774  0.39423001576774  0.15014076551613  0.07122959371935  0.11956958158065  0.65770152504816  0.00085129996774  0.73032844900000  0.05920554116129  0.19989679706452  0.33172953275484  0.73124886645161  0.10202575400000  0.12043766783871  0.12567038631935  0.16201258293226  0.56790848200000  0.31608398777419  -0.02071463232581  0.60871692690323  0.27942324390323  0.84818128229032  0.14198875574194  0.46565100909677  0.00000000000000  0.20909957696774  0.20909957661290  -0.05348642964516  0.18457081225806  0.18457081229032  -0.00793442554839  0.55244630887097  0.55244630887097  0.23996111338710  0.56205658567742  0.56205658564516  0.38048943619355  0.76068683416129  0.76068683419355  0.62059439548387  0.13059333440323  0.13059333440645  0.02543969107742  0.08408291232258  0.08408291232258
0.21774013445161  0.10173656728065  0.13385991500000  0.33905226619355  0.39423001544516  0.15014076551613  0.07228061501968  0.11956958161290  0.65770152569442  0.14625223154839  0.73032844932258  0.05920554103226  0.07607795383252  0.33172953275484  0.73124886645161  0.04565308298710  0.12043766774194  0.12567038660645  0.36458906267742  0.56790848200000  0.31608398777419  0.42544769906129  0.60871692690323  0.27942324390323  0.77080189825806  0.14198875574194  0.46565100877419  0.20909957696774  0.00000000000000  0.06642287841613  0.16912773370968  0.16912773370645  -0.02382688948387  0.14896265586452  0.14896265586452  -0.04959300710000  0.26819829925806  0.26819829922581  0.15386449912903  0.11146501025806  0.11146500990323  0.03180471667742  0.38389579700000  0.38389579700000  0.03664229958065  0.24800136208387  0.24800136240968  0.02354970905484
0.21774013409677  0.01521953878065  -0.03635864354839  0.33905226619355  0.11112689544516  0.03170066654839  0.07228061498774  0.21626419403226  0.02885908233865  0.14625223154839  0.35745721532258  0.06922279574194  0.07607795378810  0.04976591559355  0.32964627451613  0.04565308266129  0.10944894222581  0.04936246013226  0.36458906270968  0.25826546709677  -0.06527802861290  0.42544769873871  0.39208880906452  0.01933605019355  0.77080189825806  -0.13533664574194  0.07212227393548  0.20909957661290  0.06642287841613  0.00000000000000  0.30934209322581  0.30934209354839  -0.04892844774194  0.60915243362300  0.60915243362348  0.18888914147545  0.51462013887097  0.51462013853548  -0.09581077454839  0.96359326141935  0.96359326141935  0.36982321438710  0.66205366693548  0.66205366695484  0.16178274844516  0.75871447090323  0.75871447090323  0.39826406561290
0.04448984606452  0.09795904443871  0.14211520768065  0.17340564703226  0.31263127112903  0.22859213106419  0.01337445901806  0.31040342648387  0.50036564007097  -0.04098457090323  0.53556121996774  0.09397657686774  -0.00306561834287  0.10058871830323  0.21160040119355  0.05528160559677  0.13162012772258  0.85749845838710  -0.01306032893548  0.62971396748387  0.35674126870968  -0.00752080093226  0.65490699522581  0.21029631432258  0.48287454406452  0.20784521342903  0.32762130306452  -0.05348642964516  0.16912773370968  0.30934209322581  0.00000000000000  1.00081906774194  1.00081906774194  0.58423372903226  0.75245219603226  0.75245219570968  0.37110386803226  0.62208216206452  0.62208216206452  0.13156737832258  0.55601401787097  0.55601401787097  0.36044055916129  0.75803790903226  0.75803790903226  0.44888321096774  0.61731835503226  0.61731835406452
0.48824711677419  0.09795904479355  0.14211520765161  0.43055649267742  0.31263127112903  0.22859213106258  0.02056401646774  0.31040342648387  0.50036563972258  0.13161835058065  0.53556121993548  0.09397657718710  0.08684410969194  0.10058871826774  0.21160040116129  0.23843507500000  0.13162012768387  0.85749845838710  0.27251744088710  0.62971396748387  0.35674126870968  0.23930110154839  0.65490699522581  0.21029631464516  0.67484955738710  0.20784521361935  0.32762130332258  0.18457081225806  0.16912773370645  0.30934209354839  1.00081906774194  0.00000000000000  0.11586404600000  0.54591015535484  0.54591015532258  -0.03266758203226  0.13927631512903  0.13927631480645  -0.10560681609677  0.23209460161290  0.23209460161290  -0.11657470096774  0.29134676118710  0.29134676118710  0.08697326041290  0.25521133357903  0.25521133393323  -0.15788673358387
0.48824711677419  0.02342359704839  -0.05162430626452  0.43055649267742  0.06196550558065  -0.08491694635613  0.02056401643548  0.11231558700000  0.02288357557097  0.13161835067742  0.20893357141935  0.15078659325484  0.08684410969032  0.04914687930968  0.08846497132258  0.23843507499032  -0.07441304751935  0.42898949032258  0.27251744089032  0.36478921554839  0.06711679267742  0.23930110251613  0.53454207590323  0.02709825141935  0.67484955738710  -0.05292632128065  0.07337622670968  0.18457081229032  -0.02382688948387  -0.04892844774194  1.00081906774194  0.11586404600000  0.00000000000000  0.27158883796774  0.27158883796774  -0.04410054248387  0.16562159696774  0.16562159696774  0.03275834096774  0.28172010547403  0.28172010551303  0.00024890093468  0.73419594032581  0.73419594032581  0.08592107839032  0.41231778695161  0.41231778714194  0.06989098608710
0.03324258451613  0.06257162254516  0.05525867829677  0.14141752170968  0.38894706416129  0.42314878993548  0.05676889854194  0.38175315625806  0.40642217641935  -0.07066605709677  0.25543954848387  0.10275339710968  0.03829999092161  0.06393735971290  0.62057378722581  0.07683430525806  0.03620215667742  0.99730748225806  -0.04708228730323  0.55317324887097  0.32174453861290  -0.05224698503226  0.14441327532581  0.18901407338710  0.44706586712903  0.25407460439032  0.25469700412903  -0.00793442554839  0.14896265586452  0.60915243362300  0.58423372903226  0.54591015535484  0.27158883796774  0.00000000000000  0.35958188493871  0.35958188497419  -0.07272888521935  0.55151935490323  0.55151935458065  -0.06278453393548  0.30396824112903  0.30396824177419  -0.04028132274194  0.32368265974194  0.32368266003226  -0.08130022583871  0.33049767035484  0.33049766970968
0.56482634254839  0.06257162220000  0.05525867861935  0.30532029803226  0.38894706416129  0.42314879000000  0.07286743781613  0.38175315625806  0.40642217641935  0.11849583235484  0.25543954848387  0.10275339679032  0.10421237319355  0.06393735974516  0.62057378722581  0.09924130091400  0.03620215700000  0.99730748225806  0.34824254485806  0.55317324890323  0.32174453893548  0.26599899643548  0.14441327564839  0.18901407383871  0.57232809532258  0.25407460438387  0.25469700383871  0.55244630887097  0.14896265586452  0.60915243362348  0.75245219603226  0.54591015532258  0.27158883796774  0.35958188493871  0.00000000000000  0.17866516441935  0.27456778699742  0.27456778696452  -0.06064205247065  0.20926104020323  0.20926104020323  0.00723595137742  0.93608966516129  0.93608966516129  0.59694888451613  1.03459087838710  1.03459087806452  0.81929163322581
0.56482634287097  0.02734335082258  -0.01977711652258  0.30532029803226  0.18908188138710  0.00666786864516  0.07286743781290  0.22961643574194  0.18721043829032  0.11849583170968  0.02737215900000  0.03111634340323  0.10421237351613  0.19205746764839  0.05148466667742  0.09924130059523  -0.03018836577419  0.55459830161290  0.34824254521290  0.28554732241935  -0.13440891474194  0.26599899671290  0.11465990859355  0.02019054674194  0.57232809600000  0.11986636560000  0.01117809119355  0.55244630887097  -0.04959300710000  0.18888914147545  0.75245219570968  -0.03266758203226  -0.04410054248387  0.35958188497419  0.17866516441935  0.00000000000000  0.22340250932258  0.22340250932258  0.21102007054839  0.08110512495484  0.08110512495161  0.09571534237097  0.16570414483871  0.16570414483871  0.02963652935484  0.14933497356129  0.14933497356129  -0.00516371753548
0.14062763448387  0.30368940748387  -0.04752093845161  -0.01530662235484  0.32591715625806  0.28958290605484  0.02100207917097  0.10788603893548  0.27303851712903  0.02859359248387  0.62479016912903  0.23720371632677  0.09552601277419  0.08885932387097  0.06564059764516  0.08514932444687  0.01533244599677  0.48228654787097  -0.07178482369032  0.48737872119355  0.35604861419355  -0.00447213451613  0.05302148109677  0.45107876129032  0.19812343606452  0.21506118138710  0.42565221577419  0.23996111338710  0.26819829925806  0.51462013887097  0.37110386803226  0.13927631512903  0.16562159696774  -0.07272888521935  0.27456778699742  0.22340250932258  0.00000000000000  0.20014403074194  0.20014403070968  0.07897253341935  0.14815531136129  0.14815531136129  -0.01000319405806  0.33755742329032  0.33755742329032  0.03358351612903  0.27881230951613  0.27881230951613
0.55440516236774  0.30368940748387  -0.04752093845161  0.30171791104516  0.32591715690323  0.28958290573226  0.14121854248387  0.10788603925806  0.27303851648387  1.37015558725806  0.62479016912903  0.23720371635097  0.02400426926452  0.08885932387097  0.06564059796774  0.26177398261290  0.01533244570968  0.48228654783871  0.41678367429032  0.48737872087097  0.35604861416129  0.29871010941935  0.05302148112903  0.45107876125806  0.54228099338710  0.21506118138710  0.42565221577419  0.56205658567742  0.26819829922581  0.51462013853548  0.62208216206452  0.13927631480645  0.16562159696774  0.55151935490323  0.27456778696452  0.22340250932258  0.20014403074194  0.00000000000000  -0.03880582616129  0.27658939780645  0.27658939783871  0.02486770803226  0.43432485990323  0.43432485990323  -0.01682847158065  0.37692605420645  0.37692605420645  0.04436876663226
0.55440516237097  0.07209871267742  0.02714639458065  0.30171791104839  0.13196622496774  0.03594395794516  0.14121854248387  -0.00479707312903  0.08360136629032  1.37015558725806  0.19211770796774  0.03107933809032  0.02400426930323  0.03484525361290  0.11143132132258  0.26177398261290  0.00369351106774  0.25306307009677  0.41678367429032  0.14448765545161  -0.13906748896774  0.29871010909677  0.04809878241935  0.10016986277419  0.54228099306452  -0.00841050770968  0.05808861170645  0.56205658564516  0.15386449912903  -0.09581077454839  0.62208216206452  -0.10560681609677  0.03275834096774  0.55151935458065  -0.06064205247065  0.21102007054839  0.20014403070968  -0.03880582616129  0.00000000000000  0.57461413325806  0.57461413325806  0.12529615648387  0.38777709422581  0.38777709409677  -0.00015360312903  0.81411181174194  0.81411181174194  0.58751415883871
0.12273753733548  0.19713926416129  0.06978698151613  -0.07786501581935  0.27559162877419  0.31540867253226  0.05318622958065  0.03309524880645  0.31454512364516  0.54660600854839  0.19246838816129  0.12460912307742  0.03631374274516  0.22693107909677  0.46198066062452  -0.02385154467742  0.02088716865226  0.60315046993548  -0.11023982983871  0.55610074667419  0.10304131611290  0.12487877658065  0.15090508293548  0.36486925183871  0.38734912532258  0.26155966487097  0.19393000590323  0.38048943619355  0.11146501025806  0.96359326141935  0.13156737832258  0.23209460161290  0.28172010547403  -0.06278453393548  0.20926104020323  0.08110512495484  0.07897253341935  0.27658939780645  0.57461413325806  0.00000000000000  0.55414302756129  0.55414302749677  0.44858154688387  0.58289623819355  0.58289623787097  0.46241788109677  0.49418629148710  0.49418629121613
0.60552805303226  0.19713926416129  0.06978698184194  0.35184534064516  0.27559162858065  0.31540867285161  0.12892736001935  0.03309524887097  0.31454512364516  0.46798265803226  0.19246838787097  0.12460912308065  0.06399540538710  0.22693107909677  0.46198066062258  0.16579517667419  0.02088716836355  0.60315046993548  0.24396110897226  0.55610074667097  0.10304131614516  0.22162084812903  0.15090508293548  0.36486925183871  0.61217641180645  0.26155966487097  0.19393000658065  0.76068683416129  0.11146500990323  0.96359326141935  0.55601401787097  0.23209460161290  0.28172010551303  0.30396824112903  0.20926104020323  0.08110512495161  0.14815531136129  0.27658939783871  0.57461413325806  0.55414302756129  0.00000000000000  0.22599495308710  0.58519991451613  0.58519991451613  0.47532715580645  0.54378338311226  0.54378338315355  0.32982631866258
0.60552805306452  -0.02358804332258  -0.02900053755806  0.35184534064516  0.02225133383871  0.06434284103871  0.12892735996774  0.05623590351613  0.18459057416129  0.46798265835484  0.04636833209677  0.02111807669355  0.06399540535484  0.07902131987097  0.03025799782097  0.16579517631935  -0.01431859756355  0.29590344219355  0.24396110897194  0.32326140313226  -0.03712523317742  0.22162084796774  -0.00771491983871  -0.10271062435484  0.61217641180645  -0.08517668100000  -0.08626279474194  0.76068683419355  0.03180471667742  0.36982321438710  0.55601401787097  -0.11657470096774  0.00024890093468  0.30396824177419  0.00723595137742  0.09571534237097  0.14815531136129  0.02486770803226  0.12529615648387  0.55414302749677  0.22599495308710  0.00000000000000  0.50796720348387  0.50796720348387  0.07747071896774  0.42782748219355  0.42782748222581  -0.11027971448387
0.12652544080645  0.30513846248387  0.31164918990000  0.00009570845161  0.44658363693548  0.24829669858387  0.11327031781290  0.09091590392581  0.11632631161290  0.16452842803226  0.55289518204516  0.28750738514194  -0.08905635729032  0.13244577819355  0.59216662757097  -0.08473181889677  0.04488767184839  0.59761492251613  -0.00851467735129  0.60009811274194  0.29397600948387  -0.09294323419355  0.14417234061290  0.63493053822903  0.36015492106452  0.17531474022581  0.20493107254839  0.62059439548387  0.38389579700000  0.66205366693548  0.36044055916129  0.29134676118710  0.73419594032581  -0.04028132274194  0.93608966516129  0.16570414483871  -0.01000319405806  0.43432485990323  0.38777709422581  0.44858154688387  0.58519991451613  0.50796720348387  0.00000000000000  0.15621774427929  0.15621774428387  0.03317836975381  0.27332161116129  0.27332161151613
0.47194508229032  0.30513846248387  0.31164919022581  0.39677740652581  0.44658363661290  0.24829669859677  0.61691530038710  0.09091590392581  0.11632631125806  0.11374815588323  0.55289518171935  0.28750738481935  0.10572093667742  0.13244577816129  0.59216662753548  0.71432656441935  0.04488767152258  0.59761492219355  1.04119599741935  0.60009811270968  0.29397600945161  0.15773201206452  0.14417234061290  0.63493053824194  0.45386701154839  0.17531474019355  0.20493107283871  0.13059333440323  0.38389579700000  0.66205366695484  0.75803790903226  0.29134676118710  0.73419594032581  0.32368265974194  0.93608966516129  0.16570414483871  0.33755742329032  0.43432485990323  0.38777709409677  0.58289623819355  0.58519991451613  0.50796720348387  0.15621774427929  0.00000000000000  -0.00639705761290  0.26317766492581  0.26317766491613  0.07777497603226
0.47194508229032  -0.04178170054839  -0.00245059538387  0.39677740652258  0.14055796500000  0.10763947959355  0.61691530038710  -0.02083775861935  0.06352547800000  0.11374815588258  -0.00233321843226  0.06275266569677  0.10572093648387  0.12223819387097  0.30596278310645  0.71432656441935  -0.10909678026129  0.26729770067742  1.04119599741935  0.35142670980645  0.06876757235484  0.15773201180645  -0.04097242145161  0.28729107975161  0.45386701119355  -0.00841239964516  0.04505512816129  0.13059333440645  0.03664229958065  0.16178274844516  0.75803790903226  0.08697326041290  0.08592107839032  0.32368266003226  0.59694888451613  0.02963652935484  0.33755742329032  -0.01682847158065  -0.00015360312903  0.58289623787097  0.47532715580645  0.07747071896774  0.15621774428387  -0.00639705761290  0.00000000000000  0.29373952329032  0.29373952300000  0.05661991880645
0.04864371390323  0.22048708324839  0.22280549309032  -0.14741433676452  0.46836673029032  0.12967782460000  -0.06832577874194  0.00954873775161  0.10993326280968  0.04549008923323  0.06780714170968  0.17194845691290  -0.03345057558065  0.66370954816129  0.14220005690323  0.14590209409677  0.06287653232581  0.24723817352581  0.61519154645161  0.54876740667742  0.47284509567742  -0.09209398264516  0.23313216306452  0.45062558158065  0.12801337574194  0.27553217429032  0.19732931787097  0.02543969107742  0.24800136208387  0.75871447090323  0.44888321096774  0.25521133357903  0.41231778695161  -0.08130022583871  1.03459087838710  0.14933497356129  0.03358351612903  0.37692605420645  0.81411181174194  0.46241788109677  0.54378338311226  0.42782748219355  0.03317836975381  0.26317766492581  0.29373952329032  0.00000000000000  0.24152505537290  0.24152505535516
