0.00000000000000  0.13337146947141  0.13337146914883  0.03612764675880  0.15437925108504  0.15437925108504  -0.40039893907625  0.15010140688270  0.15010140688270  -0.18774006947801  0.25053918954692  0.25053918986950  0.02879517563196  -0.12789572846261  -0.12789572840762  -0.11591880509311  -0.02684480956474  -0.02684480981972  -0.00231050883622  -0.04551554147874  -0.04551554151232  -0.06804228741400  -0.04199420442449  -0.04199420419721  -0.05957141114809  0.01976369964663  0.01976369964663  -0.13514389740469  -0.01525824011276  -0.01525824010953  -0.07361000915469  0.18949274781378  0.18949274781378  0.20456258959824  0.21650185771774  0.21650185801760  0.02958747970748  0.17609297931012  0.17609297908284  -0.02543037631891  0.05450215562023  0.05450215552493  0.15507480061877  0.12765228220088  0.12765228226393  0.24503954594721  0.06811091857185  0.06811091879912
0.13337146947141  0.00000000000000  -0.09202357776979  0.22190953249824  0.22190953249824  -0.07055142367742  0.11571174270587  0.11571174280440  -0.08501599943930  0.16232497632651  0.16232497633809  -0.05676815909658  -0.14924348398754  -0.14924348398754  0.08938801763540  -0.01566670794428  -0.01566670794428  -0.00600868388416  -0.16260902329069  -0.16260902329069  0.12555335856488  -0.13591799851847  -0.13591799854428  -0.14788800751716  -0.01111541047654  -0.01111541031378  -0.05824676064809  -0.05540410310616  -0.05540410313842  -0.08427735381979  -0.02369713121862  -0.02369713145623  -0.08150127272852  -0.08054128269611  -0.08054128303050  -0.16563371944164  0.02779922845257  0.02779922876965  -0.10970957056305  -0.05271871399120  -0.05271871366862  -0.07950198633284  0.17177257435103  0.17177257435103  0.05133946061672  -0.10457255518966  -0.10457255522192  -0.09450199836899
0.13337146914883  -0.09202357776979  0.00000000000000  0.16240474371848  0.16240474049267  0.23123529731818  0.25769444673900  0.25769444673900  -0.08059418167595  0.13774427125286  0.13774427117881  0.23541141420887  0.07982850131378  0.07982850140909  -0.04613069119208  0.08437082346481  0.08437082346481  0.17116311295381  0.14510199705704  0.14510199746752  0.08580921521576  -0.13828389924194  -0.13828389882258  0.04997514437463  -0.12498905811195  -0.12498905806371  0.02845778784472  -0.19977563464890  -0.19977563462617  0.08505472023761  -0.13608574401327  -0.13608574407053  0.04189492905286  -0.10414906378072  -0.10414906346041  -0.01740254876063  -0.04557129493827  -0.04557129461569  0.09349163214516  -0.08637900672185  -0.08637900717639  0.02343503072683  0.14627746091320  0.14627746091320  0.00438196512727  -0.07925711466891  -0.07925711440403  0.08685521232537
0.03612764675880  0.22190953249824  0.16240474371848  0.00000000000000  -0.02976338738570  -0.02976338660777  -0.10597715508021  0.21811880052463  0.21811880057170  -0.02577541895938  0.30096409243343  0.30096409245616  -0.06638711950205  0.33229338871027  0.33229338849937  0.17921940075543  -0.11648485846554  -0.11648485823827  0.15473871657551  -0.11025322833886  -0.11025322833595  0.14877910888545  -0.17625728660774  -0.17625728690534  0.02757009813076  -0.05138655409883  -0.05138655407610  0.07169863633043  -0.00905731861584  -0.00905731886584  0.09165582074560  -0.13299767266114  -0.13299767262889  0.07205266398695  0.20121839346041  0.20121839348314  0.20869564799707  0.32914896210396  0.32914896211760  0.15846167151679  0.19650515256908  0.19650515257853  -0.03036225900460  0.11524303780000  0.11524303780000  0.17389141638651  0.05396107348240  0.05396107325513
0.15437925108504  0.22190953249824  0.16240474049267  -0.02976338738570  0.00000000000000  0.01387453905425  0.17562631248199  0.17562631313845  0.05249622657636  0.08396460714633  0.08396460714633  0.07606455191525  0.16089882970455  0.16089882968182  0.12083101572067  0.06632375208827  0.06632375174296  0.22584543538314  -0.07177292873240  -0.07177292820528  0.21379457985850  0.02893590876144  0.02893590843886  0.02173989087581  -0.25233715503372  -0.25233715471114  0.03477434475073  -0.24894471673196  -0.24894471705227  -0.04789231434604  -0.07212494211217  -0.07212494211217  0.15393837646701  -0.17326675047397  -0.17326675047397  -0.06252705844025  -0.14505948528372  -0.14505948526100  -0.08770087622361  -0.17473492944216  -0.17473492966943  -0.01633206201826  -0.07260320565982  -0.07260320565982  0.06148712492962  -0.19985202723343  -0.19985202402053  -0.18910104054795
0.15437925108504  -0.07055142367742  0.23123529731818  -0.02976338660777  0.01387453905425  0.00000000000000  0.04677275731745  0.04677275731745  0.12249615029692  -0.21874119600403  -0.21874119600176  0.03563960812346  0.19586995594443  0.19586995617170  0.20576704247639  0.15888598895674  0.15888598897947  0.19633640655352  0.10745310364699  0.10745310363563  0.24689553948350  0.00486061429274  0.00486061433820  0.03970524149516  0.00234642656334  0.00234642656334  0.17169523113636  -0.03545649746012  -0.03545649755543  0.08626920934062  -0.19177913770381  -0.19177913776979  0.30138926998534  -0.20893412961730  -0.20893412964956  -0.01053080950880  -0.23209439228563  -0.23209439134289  0.19570604919018  -0.18504078592845  -0.18504078596070  -0.00685104165279  -0.19396341840572  -0.19396341872830  0.12141315790968  -0.16831602678717  -0.16831602671686  0.15125642404274
-0.40039893907625  0.11571174270587  0.25769444673900  -0.10597715508021  0.17562631248199  0.04677275731745  0.00000000000000  -0.15520558908568  -0.15520558939551  -0.03648990939911  -0.05601071384531  -0.05601071384531  -0.03318453308284  -0.17934980578644  -0.17934980568057  0.07467109092368  -0.17984006385990  -0.17984006385990  -0.08835459514655  -0.06345480914956  -0.06345480914956  0.12612202680352  0.01136297618768  0.01136297660557  -0.53759604307918  -0.14258862567918  -0.14258862564465  0.06197621830916  -0.04013468083827  -0.04013468083827  0.05121014204949  -0.07140186893966  -0.07140186901290  0.02179835620594  -0.05138921753622  -0.05138921753944  0.04540508370323  0.01764130892419  0.01764130862111  -0.06029486369076  -0.05575736145166  -0.05575736145262  -0.12468227087957  0.12088519692581  0.12088519684809  0.42030907843607  0.13899702295455  0.13899702295455
0.15010140688270  0.11571174280440  0.25769444673900  0.21811880052463  0.17562631313845  0.04677275731745  -0.15520558908568  0.00000000000000  0.26287634264663  0.09978354394208  0.09978354371481  -0.14537253662390  -0.05392805998827  -0.05392806021554  0.13921845102053  0.14488466661443  0.14488466658217  -0.11312317425167  0.03589841629765  0.03589841629765  0.28585935358504  0.29254799448094  0.29254799512903  0.15533963071554  0.04344733652493  0.04344733652493  0.11393461563050  0.17289138409120  0.17289138440924  -0.02716352757427  -0.20414624994106  -0.20414624981232  0.22331620861437  -0.10851120832170  -0.10851120811716  -0.06336424162999  -0.13602025203123  -0.13602025201158  0.10608649663021  -0.11976224782111  -0.11976224783065  0.06092256380205  -0.04772406502925  -0.04772406506833  0.06020535157999  -0.04903334379692  -0.04903334405645  -0.02081331098387
0.15010140688270  -0.08501599943930  -0.08059418167595  0.21811880057170  0.05249622657636  0.12249615029692  -0.15520558939551  0.26287634264663  0.00000000000000  -0.04439874324187  -0.04439874326710  -0.10077050695183  -0.07049688381818  -0.07049688449560  -0.07799455237243  -0.00018183302713  -0.00018183302713  -0.01323523766349  -0.06979941388702  -0.06979941361129  -0.09614783887881  0.14508464111554  0.14508464103006  0.09274700656202  -0.03262638256422  -0.03262638253666  0.14698044021188  0.14871334753666  0.14871334776393  -0.04060768206012  0.27808698408328  0.27808698411232  -0.19561169717419  0.17631456241202  0.17631456231525  -0.02253081893695  0.11449722445674  0.11449722377493  -0.09258767873314  0.05487501224525  0.05487501258710  -0.12390091397505  0.14863125230117  0.14863125232537  -0.07454927585762  -0.11070183434399  -0.11070183432449  0.16971226651891
-0.18774006947801  0.16232497632651  0.13774427125286  -0.02577541895938  0.08396460714633  -0.21874119600403  -0.03648990939911  0.09978354394208  -0.04439874324187  0.00000000000000  -0.07153795652155  -0.07153795642478  0.02579332542713  -0.09106743963321  -0.09106743985433  0.06268395496598  -0.11422829746716  -0.11422829746716  -0.01115081970183  -0.10850348450806  -0.10850348418548  -0.02153474456114  -0.10207509315953  -0.10207509347757  0.07751121548761  -0.11466286058375  -0.11466286029274  0.03180998542088  0.12497773589868  0.12497773619773  -0.15022902061268  -0.07424839307786  -0.07424839325674  0.16499380697815  -0.03676399809758  -0.03676399809260  -0.04172125798358  -0.02251757594575  -0.02251757594575  -0.36501732043255  -0.07358770312380  -0.07358770312312  0.10512293440699  0.04170265094633  0.04170265126892  0.12269701535249  0.00825965545674  0.00825965545029
0.25053918954692  0.16232497633809  0.13774427117881  0.30096409243343  0.08396460714633  -0.21874119600176  -0.05601071384531  0.09978354371481  -0.04439874326710  -0.07153795652155  0.00000000000000  0.00064568600308  0.01494298801217  0.01494298802170  0.05903844113908  0.09758053571994  0.09758053546041  0.13532730862830  0.01476501927639  0.01476501924413  -0.00660391072874  0.08228377060044  0.08228377027786  0.60830579344501  0.06782041640762  0.06782041640762  0.20540350334311  0.00879063578446  0.00879063578446  -0.51634211159091  -0.05461599639296  -0.05461599584311  0.16665156982405  0.17791394131452  0.17791393812097  0.06010805617522  0.03178781356525  0.03178781354252  0.02717763535850  0.31591721606965  0.31591721598240  -0.07423311067742  0.08057091625880  0.08057091625880  0.01390904484531  0.24206055655938  0.24206055653035  0.16670844049912
0.25053918986950  -0.05676815909658  0.23541141420887  0.30096409245616  0.07606455191525  0.03563960812346  -0.05601071384531  -0.14537253662390  -0.10077050695183  -0.07153795642478  0.00064568600308  0.00000000000000  -0.07215605963636  -0.07215605963636  0.34981550932698  0.06371842866349  0.06371842866349  0.00786995196848  -0.01510473593211  -0.01510473596437  0.17468384200836  -0.01629996220894  -0.01629996262830  0.16932725604326  0.03310672550777  0.03310672547229  0.08607084782427  -0.03278657440777  -0.03278657439457  0.01201073895953  -0.01691947821173  -0.01691947809223  -0.04989244638768  -0.09200904838798  -0.09200904902133  0.03169313875616  0.12592260134487  0.12592260135132  0.10171988263109  0.00778973895161  0.00778973920968  -0.01757576804985  0.10947213094368  0.10947213065290  0.00712891065570  -0.00862097747309  -0.00862097750762  0.12662658883424
0.02879517563196  -0.14924348398754  0.07982850131378  -0.06638711950205  0.16089882970455  0.19586995594443  -0.03318453308284  -0.05392805998827  -0.07049688381818  0.02579332542713  0.01494298801217  -0.07215605963636  0.00000000000000  0.09452553077273  0.09452553077273  0.15109838735044  0.10733737110103  0.10733737117522  -0.15283413419699  0.11927454414355  0.11927454384757  0.01013017437534  0.04999494433226  0.04999494397969  0.03739615284348  0.10977836709883  0.10977836707474  -0.26674447993210  0.15310575606085  0.15310575588277  -0.05671371961928  -0.05042975463182  -0.05042975466633  0.25011176539836  -0.04834443793526  -0.04834443780850  0.01649556965953  -0.08372490363966  -0.08372490398416  0.13850019512229  -0.10939111840029  -0.10939111898240  0.16175392749560  -0.03716436682009  -0.03716436665557  -0.03297448120044  -0.08084146202170  -0.08084146234106
-0.12789572846261  -0.14924348398754  0.07982850140909  0.33229338871027  0.16089882968182  0.19586995617170  -0.17934980578644  -0.05392806021554  -0.07049688449560  -0.09106743963321  0.01494298802170  -0.07215605963636  0.09452553077273  0.00000000000000  0.10859237912185  -0.08744703802595  -0.08744703789919  0.12322740420139  0.13870681409311  0.13870681402859  -0.07837635852273  0.00856895552353  0.00856895577353  0.05589256718776  -0.00054007409150  -0.00054007385469  -0.02131123603431  -0.12896397883783  -0.12896397886056  0.03858298041657  -0.02466513600953  -0.02466513575000  -0.02309245664076  -0.00785042943475  -0.00785042943475  -0.04645776743768  -0.01211484789707  -0.01211484815836  -0.03174106883065  0.04097812702713  0.04097812732375  0.07792236258211  -0.01272129940381  -0.01272129904897  0.06467754347713  0.01162001770337  0.01162001770565  -0.22171429487434
-0.12789572840762  0.08938801763540  -0.04613069119208  0.33229338849937  0.12083101572067  0.20576704247639  -0.17934980568057  0.13921845102053  -0.07799455237243  -0.09106743985433  0.05903844113908  0.34981550932698  0.09452553077273  0.10859237912185  0.00000000000000  0.09081839194721  0.09081839194721  -0.39196404438710  0.08318879969062  0.08318879969062  0.12167460958798  -0.08375498814369  -0.08375498814369  -0.49235929306158  0.15612662911364  0.15612662975880  0.01249085049927  0.08877237068182  0.08877237045455  0.00516304884897  0.37347515690242  0.37347515690242  0.31303139738710  0.08776803763563  0.08776803699047  0.32312977079545  0.23272661030696  0.23272660998438  -0.19573100418446  -0.23098855816877  -0.23098855816877  -0.14804067088724  -0.06037261307431  -0.06037261278302  0.06039804387956  -0.03832990099113  -0.03832990101386  -0.10727112800506
-0.11591880509311  -0.01566670794428  0.08437082346481  0.17921940075543  0.06632375208827  0.15888598895674  0.07467109092368  0.14488466661443  -0.00018183302713  0.06268395496598  0.09758053571994  0.06371842866349  0.15109838735044  -0.08744703802595  0.09081839194721  0.00000000000000  -0.09563274511452  -0.09563274567082  -0.12980906382111  0.01152487198387  0.01152487201613  -0.04533071223534  -0.02094395948849  -0.02094395973849  -0.08996900436041  -0.04666319098321  -0.04666319065740  -0.01708844296708  -0.11479689652214  -0.11479689720132  -0.02893845394047  0.04528040972221  0.04528040974993  0.14663482088710  -0.03035661470806  -0.03035661438548  -0.02854005964824  0.12974697706393  0.12974697671862  0.24487187251701  -0.04357755815088  -0.04357755782603  0.00638041643930  0.09765947478006  0.09765947478006  0.23592645370968  0.16043435884692  0.16043435663871
-0.02684480956474  -0.01566670794428  0.08437082346481  -0.11648485846554  0.06632375174296  0.15888598897947  -0.17984006385990  0.14488466658217  -0.00018183302713  -0.11422829746716  0.09758053546041  0.06371842866349  0.10733737110103  -0.08744703789919  0.09081839194721  -0.09563274511452  0.00000000000000  0.39133016724721  0.09315693015477  0.09315693044509  -0.08191509637735  0.05011074344501  0.05011074376760  0.01422477215396  0.17216338033610  0.17216337998305  0.09520271434205  0.17994747936312  0.17994747926782  -0.00766840222023  -0.07732015376026  -0.07732015348680  0.00633735678152  -0.02005503587925  -0.02005503580293  0.01403036241400  -0.08607751331569  -0.08607751362874  -0.05692842791950  -0.12289379308707  -0.12289379282663  -0.10988880356925  -0.07440354334201  -0.07440354262141  -0.12165503282837  -0.13164359424120  -0.13164359456378  -0.01762457547801
-0.02684480981972  -0.00600868388416  0.17116311295381  -0.11648485823827  0.22584543538314  0.19633640655352  -0.17984006385990  -0.11312317425167  -0.01323523766349  -0.11422829746716  0.13532730862830  0.00786995196848  0.10733737117522  0.12322740420139  -0.39196404438710  -0.09563274567082  0.39133016724721  0.00000000000000  -0.12037437186503  -0.12037437151796  -0.09152544372170  0.14301591463739  0.14301591454062  0.18577727748050  -0.01952781210286  -0.01952781191459  0.10908240689413  -0.03573718155850  -0.03573718127771  0.00023965167361  0.06593831842742  0.06593831842742  0.13742987052419  0.05628987157625  0.05628987157625  -0.25888622858504  -0.03619862209128  -0.03619862209128  -0.15286173488380  0.02590285121261  0.02590285121261  -0.08595625007918  0.04424894316276  0.04424894316276  -0.06301098896188  -0.14084040561202  -0.14084040561202  -0.02614480659883
-0.00231050883622  -0.16260902329069  0.14510199705704  0.15473871657551  -0.07177292873240  0.10745310364699  -0.08835459514655  0.03589841629765  -0.06979941388702  -0.01115081970183  0.01476501927639  -0.01510473593211  -0.15283413419699  0.13870681409311  0.08318879969062  -0.12980906382111  0.09315693015477  -0.12037437186503  0.00000000000000  -0.11335384662962  -0.11335384663189  -0.21903180429868  -0.07339154177639  -0.07339154177639  -0.06157429741422  -0.18923817632111  -0.18923817632111  -0.13703938570088  -0.11051638954032  -0.11051638954032  0.03066796262683  -0.08634053567669  -0.08634053567669  0.18697204496701  -0.08088977929472  -0.08088977945748  0.15870436183138  -0.15647110093358  -0.15647110095176  0.19797436116107  -0.01859252311246  -0.01859252377353  0.15773768290323  -0.09629284459677  -0.09629284459677  0.04147555645894  -0.08038631009971  -0.08038631019501
-0.04551554147874  -0.16260902329069  0.14510199746752  -0.11025322833886  -0.07177292820528  0.10745310363563  -0.06345480914956  0.03589841629765  -0.06979941361129  -0.10850348450806  0.01476501924413  -0.01510473596437  0.11927454414355  0.13870681402859  0.08318879969062  0.01152487198387  0.09315693044509  -0.12037437151796  -0.11335384662962  0.00000000000000  0.15354864296481  -0.05372955992236  -0.05372955992691  0.08957372371752  -0.03746446802536  -0.03746446802445  0.24943845751603  0.02449512634172  0.02449512634172  0.03009962434252  -0.06300936236950  -0.06300936236950  -0.16231643030645  -0.01935720027199  -0.01935719962683  -0.06239586046041  -0.03888007085141  -0.03888007119412  -0.02336773090095  -0.07013117783724  -0.07013117783724  -0.13747033299120  0.03960713638270  0.03960713638270  -0.10375115989883  -0.08990024786804  -0.08990024786804  -0.25479832467155
-0.04551554151232  0.12555335856488  0.08580921521576  -0.11025322833595  0.21379457985850  0.24689553948350  -0.06345480914956  0.28585935358504  -0.09614783887881  -0.10850348418548  -0.00660391072874  0.17468384200836  0.11927454384757  -0.07837635852273  0.12167460958798  0.01152487201613  -0.08191509637735  -0.09152544372170  -0.11335384663189  0.15354864296481  0.00000000000000  0.00941275030938  0.00941275025440  0.16222366616862  -0.10392948187485  -0.10392948187713  0.14333147202823  -0.09060134050953  -0.09060134018695  0.06457726785264  -0.06660527223974  -0.06660527288717  0.04204147477573  -0.03062367408152  -0.03062367362698  -0.00402655524941  -0.19730740962485  -0.19730740956987  0.03711313109047  -0.09526679819113  -0.09526679816840  0.13041284810132  -0.12520413161290  -0.12520413161290  0.01711695482551  0.00573271938761  0.00573271937793  -0.01248283872654
-0.06804228741400  -0.13591799851847  -0.13828389924194  0.14877910888545  0.02893590876144  0.00486061429274  0.12612202680352  0.29254799448094  0.14508464111554  -0.02153474456114  0.08228377060044  -0.01629996220894  0.01013017437534  0.00856895552353  -0.08375498814369  -0.04533071223534  0.05011074344501  0.14301591463739  -0.21903180429868  -0.05372955992236  0.00941275030938  0.00000000000000  -0.01672660088021  -0.01672660081569  0.11130794262126  -0.06254112329868  -0.06254112329868  0.30984417443886  0.03072250593768  0.03072250623754  0.08091289611730  -0.01197159443688  -0.01197159443688  0.08275689465396  0.04711467125660  0.04711467105205  0.13881470635044  -0.06765280464663  -0.06765280464663  0.01615164707559  0.02468506256393  0.02468506301877  0.14681893923402  0.00039131752427  0.00039131787493  0.12725229620924  0.03534000162757  0.03534000162757
-0.04199420442449  -0.13591799854428  -0.13828389882258  -0.17625728660774  0.02893590843886  0.00486061433820  0.01136297618768  0.29254799512903  0.14508464103006  -0.10207509315953  0.08228377027786  -0.01629996262830  0.04999494433226  0.00856895577353  -0.08375498814369  -0.02094395948849  0.05011074376760  0.14301591454062  -0.07339154177639  -0.05372955992691  0.00941275025440  -0.01672660088021  0.00000000000000  -0.06945148007331  -0.10607052595308  -0.10607052572581  -0.19252963296628  -0.09267552277859  -0.09267552277859  0.01158076632698  0.00257574432918  0.00257574432918  -0.28398682817082  -0.12181873623651  -0.12181873623424  0.18056403711481  -0.01741748788695  -0.01741748855484  -0.03578919695323  -0.04515853515836  -0.04515853483578  -0.01306941091496  -0.08176387823167  -0.08176387797214  -0.07226089613490  -0.06135145865513  -0.06135145865872  0.00545531028277
-0.04199420419721  -0.14788800751716  0.04997514437463  -0.17625728690534  0.02173989087581  0.03970524149516  0.01136297660557  0.15533963071554  0.09274700656202  -0.10207509347757  0.60830579344501  0.16932725604326  0.04999494397969  0.05589256718776  -0.49235929306158  -0.02094395973849  0.01422477215396  0.18577727748050  -0.07339154177639  0.08957372371752  0.16222366616862  -0.01672660081569  -0.06945148007331  0.00000000000000  0.00633046884875  0.00633046852617  0.05105938775638  -0.04284980723240  -0.04284980687757  0.11795421354032  -0.04779430216070  -0.04779430216070  0.09900506906979  -0.04192917576466  -0.04192917608724  0.08881877598900  0.05778397214648  0.05778397208196  0.09265403638680  0.03636109617918  0.03636109617918  0.01352275122551  -0.05818985164949  -0.05818985164949  0.07161223152339  -0.01512537472141  -0.01512537504399  0.03877298241202
-0.05957141114809  -0.01111541047654  -0.12498905811195  0.02757009813076  -0.25233715503372  0.00234642656334  -0.53759604307918  0.04344733652493  -0.03262638256422  0.07751121548761  0.06782041640762  0.03310672550777  0.03739615284348  -0.00054007409150  0.15612662911364  -0.08996900436041  0.17216338033610  -0.01952781210286  -0.06157429741422  -0.03746446802536  -0.10392948187485  0.11130794262126  -0.10607052595308  0.00633046884875  0.00000000000000  -0.14348826944062  -0.14348826921334  -0.39974651145674  -0.12110095450147  -0.12110095450147  -0.02437801422287  -0.12514183630374  -0.12514183630374  -0.22521066263827  -0.06712885089223  -0.06712885176466  -0.10191145768548  -0.14578372808431  -0.14578372808431  -0.17239916126320  -0.01049503697874  -0.01049503726906  -0.19480639880865  -0.10263455722287  -0.10263455690029  -0.09177431043842  -0.04193620146114  -0.04193620123387
0.01976369964663  -0.01111541031378  -0.12498905806371  -0.05138655409883  -0.25233715471114  0.00234642656334  -0.14258862567918  0.04344733652493  -0.03262638253666  -0.11466286058375  0.06782041640762  0.03310672547229  0.10977836709883  -0.00054007385469  0.15612662975880  -0.04666319098321  0.17216337998305  -0.01952781191459  -0.18923817632111  -0.03746446802445  -0.10392948187713  -0.06254112329868  -0.10607052572581  0.00633046852617  -0.14348826944062  0.00000000000000  0.21113898492009  -0.08801026858043  -0.08801026859993  0.04689949305161  -0.15234481082075  -0.15234481082075  0.03641905947317  -0.08010047017449  -0.08010047019721  0.13114341957551  -0.07874204420689  -0.07874204419369  0.13329442249501  -0.19091152855293  -0.19091152855616  0.09660520775264  -0.10722566331158  -0.10722566332111  0.16709167447874  -0.14254815063358  -0.14254815093021  -0.06228450463988
0.01976369964663  -0.05824676064809  0.02845778784472  -0.05138655407610  0.03477434475073  0.17169523113636  -0.14258862564465  0.11393461563050  0.14698044021188  -0.11466286029274  0.20540350334311  0.08607084782427  0.10977836707474  -0.02131123603431  0.01249085049927  -0.04666319065740  0.09520271434205  0.10908240689413  -0.18923817632111  0.24943845751603  0.14333147202823  -0.06254112329868  -0.19252963296628  0.05105938775638  -0.14348826921334  0.21113898492009  0.00000000000000  -0.02866485561364  -0.02866485565909  0.24167402386437  -0.03595226460293  -0.03595226462551  0.20161507795748  -0.01150742007141  -0.01150742003915  0.27058949030308  -0.07512100231789  -0.07512100237918  0.08662472034985  -0.03364976951760  -0.03364976951987  0.11851593411430  -0.01942666892449  -0.01942666892449  0.12566472506672  -0.10139597263343  -0.10139597297874  0.03526625137757
-0.13514389740469  -0.05540410310616  -0.19977563464890  0.07169863633043  -0.24894471673196  -0.03545649746012  0.06197621830916  0.17289138409120  0.14871334753666  0.03180998542088  0.00879063578446  -0.03278657440777  -0.26674447993210  -0.12896397883783  0.08877237068182  -0.01708844296708  0.17994747936312  -0.03573718155850  -0.13703938570088  0.02449512634172  -0.09060134050953  0.30984417443886  -0.09267552277859  -0.04284980723240  -0.39974651145674  -0.08801026858043  -0.02866485561364  0.00000000000000  -0.00042602395316  -0.00042602366068  0.08036427072399  -0.02136259518548  -0.02136259513050  -0.05419475025733  -0.01280663678812  -0.01280663681085  -0.31073317928079  -0.07612944226100  -0.07612944226100  -0.29215253513490  -0.02245325747889  -0.02245325747921  -0.38631969926323  -0.11428758363680  -0.11428758365953  0.07088946035073  -0.04668432292903  -0.04668432293548
-0.01525824011276  -0.05540410313842  -0.19977563462617  -0.00905731861584  -0.24894471705227  -0.03545649755543  -0.04013468083827  0.17289138440924  0.14871334776393  0.12497773589868  0.00879063578446  -0.03278657439457  0.15310575606085  -0.12896397886056  0.08877237045455  -0.11479689652214  0.17994747926782  -0.03573718127771  -0.11051638954032  0.02449512634172  -0.09060134018695  0.03072250593768  -0.09267552277859  -0.04284980687757  -0.12110095450147  -0.08801026859993  -0.02866485565909  -0.00042602395316  0.00000000000000  -0.07856653239721  -0.08483036402214  -0.08483036382713  -0.01932957991510  -0.13622356014721  -0.13622356014721  -0.02722834934047  -0.13368302414589  -0.13368302394135  -0.09218193959164  -0.06017645886290  -0.06017645889516  -0.01119990932991  -0.08502425552713  -0.08502425572214  -0.02918787414003  -0.05816653747097  -0.05816653747097  0.08781579235308
-0.01525824010953  -0.08427735381979  0.08505472023761  -0.00905731886584  -0.04789231434604  0.08626920934062  -0.04013468083827  -0.02716352757427  -0.04060768206012  0.12497773619773  -0.51634211159091  0.01201073895953  0.15310575588277  0.03858298041657  0.00516304884897  -0.11479689720132  -0.00766840222023  0.00023965167361  -0.11051638954032  0.03009962434252  0.06457726785264  0.03072250623754  0.01158076632698  0.11795421354032  -0.12110095450147  0.04689949305161  0.24167402386437  -0.00042602366068  -0.07856653239721  0.00000000000000  -0.09184635659238  -0.09184635656965  0.05412397702346  -0.00498045956305  -0.00498045956305  0.02490927042815  0.01718323147947  0.01718323125220  -0.00369083116716  -0.06235553068915  -0.06235553059384  -0.04517079564516  0.00820981117595  0.00820981117595  0.11121391012023  -0.00089587050660  -0.00089587050660  -0.14013711219868
-0.07361000915469  -0.02369713121862  -0.13608574401327  0.09165582074560  -0.07212494211217  -0.19177913770381  0.05121014204949  -0.20414624994106  0.27808698408328  -0.15022902061268  -0.05461599639296  -0.01691947821173  -0.05671371961928  -0.02466513600953  0.37347515690242  -0.02893845394047  -0.07732015376026  0.06593831842742  0.03066796262683  -0.06300936236950  -0.06660527223974  0.08091289611730  0.00257574432918  -0.04779430216070  -0.02437801422287  -0.15234481082075  -0.03595226460293  0.08036427072399  -0.08483036402214  -0.09184635659238  0.00000000000000  -0.08351543145894  -0.08351543145894  -0.02457275653226  -0.05540106873974  -0.05540106851246  -0.04794895362977  0.00320594343842  0.00320594376100  0.04917249145894  -0.12338068931180  -0.12338068931180  -0.28069633954868  -0.04453805934751  -0.04453805902493  -0.19640633357038  -0.10496538799516  -0.10496538799743
0.18949274781378  -0.02369713145623  -0.13608574407053  -0.13299767266114  -0.07212494211217  -0.19177913776979  -0.07140186893966  -0.20414624981232  0.27808698411232  -0.07424839307786  -0.05461599584311  -0.01691947809223  -0.05042975463182  -0.02466513575000  0.37347515690242  0.04528040972221  -0.07732015348680  0.06593831842742  -0.08634053567669  -0.06300936236950  -0.06660527288717  -0.01197159443688  0.00257574432918  -0.04779430216070  -0.12514183630374  -0.15234481082075  -0.03595226462551  -0.02136259518548  -0.08483036382713  -0.09184635656965  -0.08351543145894  0.00000000000000  -0.13860009494531  0.00244263968768  0.00244263968768  0.21788486385337  -0.15292607121261  -0.15292607121261  -0.09904824308431  -0.16273866124340  -0.16273866126613  0.01158669276151  -0.15341851389883  -0.15341851389883  0.03618662008724  -0.08990226808299  -0.08990226808622  0.10157370272962
0.18949274781378  -0.08150127272852  0.04189492905286  -0.13299767262889  0.15393837646701  0.30138926998534  -0.07140186901290  0.22331620861437  -0.19561169717419  -0.07424839325674  0.16665156982405  -0.04989244638768  -0.05042975466633  -0.02309245664076  0.31303139738710  0.04528040974993  0.00633735678152  0.13742987052419  -0.08634053567669  -0.16231643030645  0.04204147477573  -0.01197159443688  -0.28398682817082  0.09900506906979  -0.12514183630374  0.03641905947317  0.20161507795748  -0.02136259513050  -0.01932957991510  0.05412397702346  -0.08351543145894  -0.13860009494531  0.00000000000000  -0.16109894957845  -0.16109894980572  0.10042677604179  -0.16679075398402  -0.16679075424523  0.12971285259824  -0.05156406985704  -0.05156406916642  -0.05396133094795  -0.01239424843548  -0.01239424875806  0.05047117030352  0.02341338277713  0.02341338277713  0.11784463931965
0.20456258959824  -0.08054128269611  -0.10414906378072  0.07205266398695  -0.17326675047397  -0.20893412961730  0.02179835620594  -0.10851120832170  0.17631456241202  0.16499380697815  0.17791394131452  -0.09200904838798  0.25011176539836  -0.00785042943475  0.08776803763563  0.14663482088710  -0.02005503587925  0.05628987157625  0.18697204496701  -0.01935720027199  -0.03062367408152  0.08275689465396  -0.12181873623651  -0.04192917576466  -0.22521066263827  -0.08010047017449  -0.01150742007141  -0.05419475025733  -0.13622356014721  -0.00498045956305  -0.02457275653226  0.00244263968768  -0.16109894957845  0.00000000000000  -0.03565759819765  -0.03565759819765  0.15882573381349  -0.02108925160557  -0.02108925092375  0.30344960424487  0.00292324841686  0.00292324873944  0.12106173969824  0.00937392662940  0.00937392630682  0.18563393195850  -0.11857565931554  -0.11857565966085
0.21650185771774  -0.08054128303050  -0.10414906346041  0.20121839346041  -0.17326675047397  -0.20893412964956  -0.05138921753622  -0.10851120811716  0.17631456231525  -0.03676399809758  0.17791393812097  -0.09200904902133  -0.04834443793526  -0.00785042943475  0.08776803699047  -0.03035661470806  -0.02005503580293  0.05628987157625  -0.08088977929472  -0.01935719962683  -0.03062367362698  0.04711467125660  -0.12181873623424  -0.04192917608724  -0.06712885089223  -0.08010047019721  -0.01150742003915  -0.01280663678812  -0.13622356014721  -0.00498045956305  -0.05540106873974  0.00244263968768  -0.16109894980572  -0.03565759819765  0.00000000000000  -0.14490080583842  0.01999260881789  0.01999260847258  0.20070778436833  0.00417853146408  0.00417853181891  0.03105471757698  -0.07420826224340  -0.07420826224340  -0.07965593945748  0.04081252264663  0.04081252264663  -0.50181468961144
0.21650185801760  -0.16563371944164  -0.01740254876063  0.20121839348314  -0.06252705844025  -0.01053080950880  -0.05138921753944  -0.06336424162999  -0.02253081893695  -0.03676399809260  0.06010805617522  0.03169313875616  -0.04834443780850  -0.04645776743768  0.32312977079545  -0.03035661438548  0.01403036241400  -0.25888622858504  -0.08088977945748  -0.06239586046041  -0.00402655524941  0.04711467105205  0.18056403711481  0.08881877598900  -0.06712885176466  0.13114341957551  0.27058949030308  -0.01280663681085  -0.02722834934047  0.02490927042815  -0.05540106851246  0.21788486385337  0.10042677604179  -0.03565759819765  -0.14490080583842  0.00000000000000  -0.06831283896804  -0.06831283893578  0.01277754030088  -0.00960027339369  -0.00960027336437  -0.15194807886070  -0.07593821895704  -0.07593821891386  -0.16645138363534  -0.06990081646782  -0.06990081669509  -0.10525880354179
0.02958747970748  0.02779922845257  -0.04557129493827  0.20869564799707  -0.14505948528372  -0.23209439228563  0.04540508370323  -0.13602025203123  0.11449722445674  -0.04172125798358  0.03178781356525  0.12592260134487  0.01649556965953  -0.01211484789707  0.23272661030696  -0.02854005964824  -0.08607751331569  -0.03619862209128  0.15870436183138  -0.03888007085141  -0.19730740962485  0.13881470635044  -0.01741748788695  0.05778397214648  -0.10191145768548  -0.07874204420689  -0.07512100231789  -0.31073317928079  -0.13368302414589  0.01718323147947  -0.04794895362977  -0.15292607121261  -0.16679075398402  0.15882573381349  0.01999260881789  -0.06831283896804  0.00000000000000  -0.08719215755696  -0.08719215754743  -0.06813939045007  -0.05391729831870  -0.05391729831870  -0.06776103923556  -0.03939836707287  -0.03939836674707  0.10650071503065  -0.03941646727285  -0.03941646727063
0.17609297931012  0.02779922876965  -0.04557129461569  0.32914896210396  -0.14505948526100  -0.23209439134289  0.01764130892419  -0.13602025201158  0.11449722377493  -0.02251757594575  0.03178781354252  0.12592260135132  -0.08372490363966  -0.01211484815836  0.23272660998438  0.12974697706393  -0.08607751362874  -0.03619862209128  -0.15647110093358  -0.03888007119412  -0.19730740956987  -0.06765280464663  -0.01741748855484  0.05778397208196  -0.14578372808431  -0.07874204419369  -0.07512100237918  -0.07612944226100  -0.13368302394135  0.01718323125220  0.00320594343842  -0.15292607121261  -0.16679075424523  -0.02108925160557  0.01999260847258  -0.06831283893578  -0.08719215755696  0.00000000000000  0.13740932682403  -0.08796628559824  -0.08796628557551  0.07513289392229  0.00810421469413  0.00810421466188  0.22090196950352  0.05915089943585  0.05915089943358  -0.05130295217786
0.17609297908284  -0.10970957056305  0.09349163214516  0.32914896211760  -0.08770087622361  0.19570604919018  0.01764130862111  0.10608649663021  -0.09258767873314  -0.02251757594575  0.02717763535850  0.10171988263109  -0.08372490398416  -0.03174106883065  -0.19573100418446  0.12974697671862  -0.05692842791950  -0.15286173488380  -0.15647110095176  -0.02336773090095  0.03711313109047  -0.06765280464663  -0.03578919695323  0.09265403638680  -0.14578372808431  0.13329442249501  0.08662472034985  -0.07612944226100  -0.09218193959164  -0.00369083116716  0.00320594376100  -0.09904824308431  0.12971285259824  -0.02108925092375  0.20070778436833  0.01277754030088  -0.08719215754743  0.13740932682403  0.00000000000000  -0.00393787086437  -0.00393787086276  0.07024396947677  -0.00261898174780  -0.00261898207038  0.20540825071554  -0.03003345588959  -0.03003345588636  -0.08545041767962
-0.02543037631891  -0.05271871399120  -0.08637900672185  0.15846167151679  -0.17473492944216  -0.18504078592845  -0.06029486369076  -0.11976224782111  0.05487501224525  -0.36501732043255  0.31591721606965  0.00778973895161  0.13850019512229  0.04097812702713  -0.23098855816877  0.24487187251701  -0.12289379308707  0.02590285121261  0.19797436116107  -0.07013117783724  -0.09526679819113  0.01615164707559  -0.04515853515836  0.03636109617918  -0.17239916126320  -0.19091152855293  -0.03364976951760  -0.29215253513490  -0.06017645886290  -0.06235553068915  0.04917249145894  -0.16273866124340  -0.05156406985704  0.30344960424487  0.00417853146408  -0.00960027339369  -0.06813939045007  -0.08796628559824  -0.00393787086437  0.00000000000000  -0.05159972996554  -0.05159972996554  -0.25739809012683  -0.09383451832698  -0.09383451832698  -0.43188626894575  -0.05130942129692  -0.05130942161950
0.05450215562023  -0.05271871366862  -0.08637900717639  0.19650515256908  -0.17473492966943  -0.18504078596070  -0.05575736145166  -0.11976224783065  0.05487501258710  -0.07358770312380  0.31591721598240  0.00778973920968  -0.10939111840029  0.04097812732375  -0.23098855816877  -0.04357755815088  -0.12289379282663  0.02590285121261  -0.01859252311246  -0.07013117783724  -0.09526679816840  0.02468506256393  -0.04515853483578  0.03636109617918  -0.01049503697874  -0.19091152855616  -0.03364976951987  -0.02245325747889  -0.06017645889516  -0.06235553059384  -0.12338068931180  -0.16273866126613  -0.05156406916642  0.00292324841686  0.00417853181891  -0.00960027336437  -0.05391729831870  -0.08796628557551  -0.00393787086276  -0.05159972996554  0.00000000000000  -0.01844749704912  -0.10355423893255  -0.10355423893255  -0.54326624626393  0.00523845429545  0.00523845429545  -0.34436279320015
0.05450215552493  -0.07950198633284  0.02343503072683  0.19650515257853  -0.01633206201826  -0.00685104165279  -0.05575736145262  0.06092256380205  -0.12390091397505  -0.07358770312312  -0.07423311067742  -0.01757576804985  -0.10939111898240  0.07792236258211  -0.14804067088724  -0.04357755782603  -0.10988880356925  -0.08595625007918  -0.01859252377353  -0.13747033299120  0.13041284810132  0.02468506301877  -0.01306941091496  0.01352275122551  -0.01049503726906  0.09660520775264  0.11851593411430  -0.02245325747921  -0.01119990932991  -0.04517079564516  -0.12338068931180  0.01158669276151  -0.05396133094795  0.00292324873944  0.03105471757698  -0.15194807886070  -0.05391729831870  0.07513289392229  0.07024396947677  -0.05159972996554  -0.01844749704912  0.00000000000000  -0.14030823029685  -0.14030823020154  -0.11960350173101  -0.07103426345308  -0.07103426400293  0.15628678782551
0.15507480061877  0.17177257435103  0.14627746091320  -0.03036225900460  -0.07260320565982  -0.19396341840572  -0.12468227087957  -0.04772406502925  0.14863125230117  0.10512293440699  0.08057091625880  0.10947213094368  0.16175392749560  -0.01272129940381  -0.06037261307431  0.00638041643930  -0.07440354334201  0.04424894316276  0.15773768290323  0.03960713638270  -0.12520413161290  0.14681893923402  -0.08176387823167  -0.05818985164949  -0.19480639880865  -0.10722566331158  -0.01942666892449  -0.38631969926323  -0.08502425552713  0.00820981117595  -0.28069633954868  -0.15341851389883  -0.01239424843548  0.12106173969824  -0.07420826224340  -0.07593821895704  -0.06776103923556  0.00810421469413  -0.00261898174780  -0.25739809012683  -0.10355423893255  -0.14030823029685  0.00000000000000  -0.06638869500044  -0.06638869535982  -0.03528288470799  -0.13662880534091  -0.13662880537317
0.12765228220088  0.17177257435103  0.14627746091320  0.11524303780000  -0.07260320565982  -0.19396341872830  0.12088519692581  -0.04772406506833  0.14863125232537  0.04170265094633  0.08057091625880  0.10947213065290  -0.03716436682009  -0.01272129904897  -0.06037261278302  0.09765947478006  -0.07440354262141  0.04424894316276  -0.09629284459677  0.03960713638270  -0.12520413161290  0.00039131752427  -0.08176387797214  -0.05818985164949  -0.10263455722287  -0.10722566332111  -0.01942666892449  -0.11428758363680  -0.08502425572214  0.00820981117595  -0.04453805934751  -0.15341851389883  -0.01239424875806  0.00937392662940  -0.07420826224340  -0.07593821891386  -0.03939836707287  0.00810421466188  -0.00261898207038  -0.09383451832698  -0.10355423893255  -0.14030823020154  -0.06638869500044  0.00000000000000  0.02409432772361  -0.05767234334751  -0.05767234332478  0.09916538800587
