0.00000000000000  0.34981306417801  0.34981306418028  0.07225673638211  0.09799867824413  0.09799867824413  -0.97525141640396  -0.09517131186877  -0.09517131184604  -0.06215199977273  0.08969353535264  0.08969353554765  -0.16881542081598  -0.15176545065566  -0.15176545042742  0.23235074490021  -0.08031566790689  -0.08031566790689  0.17668768882038  0.00203667682830  0.00203667687375  -0.08265632971459  -0.05837273393255  -0.05837273393255  0.40007561454692  0.08499759132104  0.08499759132427  -0.01364464229421  0.21833864402449  0.21833864400176  0.32515691686686  0.17474215118108  0.17474215121334  -0.25979253610630  -0.00311689289076  -0.00311689285850  -0.24619777987170  0.19553186104472  0.19553186094795  0.03822634673094  0.05041309850660  0.05041309882918  0.11958700273974  0.10692231770235  0.10692231718328  0.30443499737977  0.10279753813563  0.10279753813563
0.34981306417801  0.00000000000000  -0.39331168826760  0.00310069861290  0.00310069861290  -0.05467469618622  -0.10773759389150  -0.10773759357214  0.03133345159560  0.28148963881232  0.28148963845748  0.03125119956012  0.22959102716569  0.22959102716569  0.03888212864223  0.19995121950587  0.19995121970088  0.05339454833724  0.05192328494575  0.05192328491349  0.03545880578739  0.18476662250806  0.18476662305792  0.03398349971188  0.10136795919186  0.10136795941686  0.40978106816965  0.09430520710850  0.09430520743109  -0.11366662932551  0.15192462542375  0.15192462542375  -0.31130897731525  0.18297327709091  0.18297327741349  -0.15320748546481  0.15871839140176  0.15871839140176  -0.05282021045161  0.19474542901532  0.19474542869501  -0.27180935224861  0.21657344879285  0.21657344837474  -0.14736428039673  0.26750737881408  0.26750737881085  0.23037658584487
0.34981306418028  -0.39331168826760  0.00000000000000  0.35599054880718  0.35599054881672  0.46143847640029  0.29602306601100  0.29602306601100  0.41063362865616  0.46306627412463  0.46306627412463  0.32103504806085  0.46659301653079  0.46659301686437  -0.13387487779839  0.10799361833651  0.10799361833651  0.06218158395968  0.29825211131965  0.29825211099707  0.09683588554179  0.01626833005828  0.01626833009054  0.18792562452500  0.00952549640946  0.00952549644172  0.10895366131415  0.28037224571723  0.28037224174721  0.15054270614721  0.14778488416642  0.14778488458431  -0.09665907177493  0.11673584703226  0.11673584667742  -0.07206191500733  0.41696485688270  0.41696485746481  0.05986263534238  0.19115878297346  0.19115878332830  -0.04233790188988  0.43184611253233  0.43184611184128  -0.17624563572493  0.37885144194355  0.37885144165323  0.13495164747434
0.07225673638211  0.00310069861290  0.35599054880718  0.00000000000000  0.70203377243724  0.70203377275484  0.14775456683138  0.41400969985117  0.41400970032845  -0.21564914248314  0.28201339773922  0.28201339764296  -0.01185328917434  0.30823389201651  0.30823389198232  0.17598216290038  -0.40014427539883  -0.40014427542155  0.28122169504619  -0.10535363544941  -0.10535363548167  0.00732088606085  -0.17229885928468  -0.17229885928372  -0.09960584630000  -0.03836519007331  -0.03836519007331  0.14232286654985  -0.01914783765183  -0.01914783732925  0.01877444588409  -0.10831341776035  -0.10831341806134  0.05375395480472  0.33809056484509  0.33809056480760  0.14616800891636  0.41982136189457  0.41982136189457  0.03421203666554  0.43972975435059  0.43972975490044  0.00390151742727  0.44605707393915  0.44605707426173  0.31265463840103  0.06904521962515  0.06904521968739
0.09799867824413  0.00310069861290  0.35599054881672  0.70203377243724  0.00000000000000  0.22428278390660  0.28660289758798  0.28660289791056  -0.08288750989736  -0.16167778212023  -0.16167778276540  -0.10827635830499  0.08466971100440  0.08466971100440  0.21555042628299  0.23088515836437  0.23088515839809  0.00580808811364  0.03797423689883  0.03797423689883  0.39906181378006  0.09039461549824  0.09039461605132  0.06810068017889  -0.27505560899091  -0.27505560908622  -0.25062691845718  -0.20264958879399  -0.20264958909384  -0.21541819135191  0.03643600909677  0.03643600939663  0.17325623030645  -0.13659812412390  -0.13659812412390  -0.08269390629106  0.07097284482258  0.07097284482258  -0.21335468136657  -0.00593342614098  -0.00593342612053  0.22360634799135  0.03665587054106  0.03665587054106  0.20334346205425  -0.05635506757331  -0.05635506755059  -0.18618526676320
0.09799867824413  -0.05467469618622  0.46143847640029  0.70203377275484  0.22428278390660  0.00000000000000  0.20735254914370  0.20735254946628  -0.29782650398094  -0.01808668000587  -0.01808668010117  0.25924204547434  0.40297897559018  0.40297897526760  0.09450251605352  0.20960597237463  0.20960597237463  0.21488531593915  0.13370296407273  0.13370296375208  -0.06685614489537  0.17733978757705  0.17733978780205  -0.32134444296628  0.18124541860630  0.18124541905205  -0.01793974227273  0.23638090129472  0.23638090119795  0.02960137674633  -0.08546347146554  -0.08546347156232  0.25552450974707  -0.20423513445748  -0.20423513445748  -0.06608107751026  0.19080710710378  0.19080710742765  0.06229669998601  0.10798345668519  0.10798345697551  0.10740782322185  -0.02917979177141  -0.02917979199868  0.34116352570073  0.25694601653270  0.25694601685528  0.41744227601371
-0.97525141640396  -0.10773759389150  0.29602306601100  0.14775456683138  0.28660289758798  0.20735254914370  0.00000000000000  0.10380970778006  0.10380970778006  0.26108986024633  0.40245777792346  0.40245777792669  0.01723657857537  0.20741655703174  0.20741655409853  0.24441238219736  0.36631427587830  0.36631427613783  -0.01263933015836  0.03964273397361  0.03964273365103  0.45056229354839  0.09015395732918  0.09015395732918  -0.42917302130718  0.18486615875586  0.18486615899267  0.56130568786584  0.05340470923702  0.05340470885718  0.30779258078321  0.13893809195528  0.13893809198754  0.42337795937757  0.07953468488548  0.07953468485000  0.22421058893006  0.29834177126906  0.29834177126906  0.22362006373534  0.19841198711290  0.19841198743548  -0.23607584794795  0.36820639606957  0.36820639598108  0.64352742264076  0.11586571690762  0.11586571690762
-0.09517131186877  -0.10773759357214  0.29602306601100  0.41400969985117  0.28660289791056  0.20735254946628  0.10380970778006  0.00000000000000  0.20606590494721  0.13456639560299  0.13456639270525  0.05566948440991  0.10375299333651  0.10375299283211  0.16775937312830  0.38257663552053  0.38257663552698  -0.06959056475718  -0.05058741688710  -0.05058741688710  0.01076909583138  0.35115111019194  0.35115111045374  0.05594013471393  0.23314454583966  0.23314454405389  0.10130447074765  0.34821866981540  0.34821866900491  -0.35467995398717  0.31096829225916  0.31096829232595  0.46906750772764  0.30129444767551  0.30129444775293  0.10053156259135  0.06456764863416  0.06456764839369  -0.14063686203739  0.06642752624677  0.06642752618695  0.04675767362067  -0.00755997318622  -0.00755997321848  -0.10283783674194  0.02221442229164  0.02221442164648  -0.02021759837845
-0.09517131184604  0.03133345159560  0.41063362865616  0.41400970032845  -0.08288750989736  -0.29782650398094  0.10380970778006  0.20606590494721  0.00000000000000  -0.02271195842082  -0.02271195874340  -0.28123582337537  -0.00991308706554  -0.00991308743358  -0.05200879115792  0.46659011260352  0.46659011260806  0.47518125738878  0.23890470544868  0.23890470557999  0.09407344565484  0.29335232545506  0.29335232548732  0.15863655749465  0.20806267652126  0.20806267629399  0.08045841530865  0.18885513114809  0.18885513083504  0.35134797546481  0.41612136779912  0.41612136779912  -0.14382943728886  0.41280848376833  0.41280848350073  -0.01305028989516  0.32342455227199  0.32342455262683  0.00235776206012  0.33501566209545  0.33501566210191  -0.16983369138343  0.27902330459531  0.27902330432771  -0.48612966265176  0.14781298181179  0.14781298138446  0.13574829497126
-0.06215199977273  0.28148963881232  0.46306627412463  -0.21564914248314  -0.16167778212023  -0.01808668000587  0.26108986024633  0.13456639560299  -0.02271195842082  0.00000000000000  -0.05354030889883  -0.05354030857625  0.06596798432111  0.13375672420528  0.13375672391496  -0.01113175317449  -0.03092851632918  -0.03092851581158  0.18490983027493  -0.07053376023167  -0.07053375990909  -0.16261820706452  -0.01835315377053  -0.01835315311217  -0.05402392917815  -0.00307660749633  -0.00307660652859  -0.05263761580132  0.33624506088783  0.33624506024267  -0.00441783082771  0.06996487454487  0.06996487487427  0.12982143215007  0.33959885283812  0.33959885313636  -0.13807872066598  0.12247293146422  0.12247293146100  -0.09339216719152  0.11515240767669  0.11515240767669  -0.08602991521921  -0.11422686515543  -0.11422686516224  0.05755870688350  0.04276035863123  0.04276035830865
0.08969353535264  0.28148963845748  0.46306627412463  0.28201339773922  -0.16167778276540  -0.01808668010117  0.40245777792346  0.13456639270525  -0.02271195874340  -0.05354030889883  0.00000000000000  0.10737513728226  0.04931083717089  0.04931083716862  0.27554291042962  0.19715746458504  0.19715746438050  0.37060463405352  0.11656683179399  0.11656683179399  -0.22473082309751  0.16181624527273  0.16181624527273  0.39939743482111  0.24637160596774  0.24637160369502  0.07284708012610  0.04548714246540  0.04548714244494  -0.30344988155924  0.12603203495806  0.12603203495579  0.07362781122705  0.31227084847581  0.31227084871114  0.08254425064369  0.14214492794355  0.14214492788856  -0.28426546574194  0.51770490342111  0.51770490341884  0.34261580570462  0.30624234888783  0.30624234898314  0.24882382359164  0.59090939213416  0.59090939145674  -0.08842207499707
0.08969353554765  0.03125119956012  0.32103504806085  0.28201339764296  -0.10827635830499  0.25924204547434  0.40245777792669  0.05566948440991  -0.28123582337537  -0.05354030857625  0.10737513728226  0.00000000000000  0.14586662684472  0.14586662684472  0.11087306707639  0.14837420979312  0.14837420977902  0.16780166763003  0.03654227809164  0.03654227809164  -0.07211545713856  0.12603732649421  0.12603732653600  0.06018638039743  0.07641920616848  0.07641920616620  0.27853485147852  0.10049577981833  0.10049578023460  -0.08340381002881  -0.03008811787903  -0.03008811803050  -0.05410388469003  -0.01026317708416  -0.01026317703915  -0.02488983726584  0.30190626183079  0.30190626185579  0.27040822837720  0.25300695405909  0.25300695396554  -0.09684359394883  0.06697001357551  0.06697001359824  -0.49012181599487  0.17343830703519  0.17343830726100  0.01627312709238
-0.16881542081598  0.22959102716569  0.46659301653079  -0.01185328917434  0.08466971100440  0.40297897559018  0.01723657857537  0.10375299333651  -0.00991308706554  0.06596798432111  0.04931083717089  0.14586662684472  0.00000000000000  0.23979297933944  0.23979297933944  0.15411784723387  0.29746290992962  0.29746290992962  -0.07011945363196  0.19576076233065  0.19576076200806  0.18623396633358  0.18809644004985  0.18809643940469  0.21480111204106  0.25849860406642  0.25849860406320  -0.09065520105543  0.08326922433944  0.08326922104912  0.00564853432918  -0.16275551824179  -0.16275551811276  -0.04117506040337  -0.14674130047771  -0.14674130072771  0.10041756158900  -0.11344984922368  -0.11344985024912  -0.15459063443321  -0.13776360350953  -0.13776360341276  0.11909609571334  -0.02268602628416  -0.02268602623109  0.21633611325433  0.09044568388636  0.09044568448974
-0.15176545065566  0.22959102716569  0.46659301686437  0.30823389201651  0.08466971100440  0.40297897526760  0.20741655703174  0.10375299283211  -0.00991308743358  0.13375672420528  0.04931083716862  0.14586662684472  0.23979297933944  0.00000000000000  -0.11534830543695  -0.09710513304619  -0.09710513264956  -0.15528740460924  0.16595836842669  0.16595836773109  -0.02233110936276  0.03126627014589  0.03126627019135  -0.34070293039809  0.31870575623314  0.31870575632991  -0.07646691565249  0.12334281816349  0.12334281814076  0.20111643904179  0.01166865397581  0.01166865397581  0.33241886377639  0.15080166536987  0.15080166536987  0.09397169508394  0.11373740011100  0.11373740013372  0.09044045111554  0.24398011546261  0.24398011546261  0.05338973340689  0.20663396305792  0.20663396338050  0.11440937368255  0.11383369781650  0.11383369784245  -0.02537424941386
-0.15176545042742  0.03888212864223  -0.13387487779839  0.30823389198232  0.21555042628299  0.09450251605352  0.20741655409853  0.16775937312830  -0.05200879115792  0.13375672391496  0.27554291042962  0.11087306707639  0.23979297933944  -0.11534830543695  0.00000000000000  -0.03490155842595  -0.03490155849047  -0.29293447249047  0.00682734430352  0.00682734428079  0.05289171205059  0.09405090423241  0.09405090423241  -0.39716929770161  0.11113981104252  0.11113981081525  -0.22769370897654  0.29381094734479  0.29381094799223  -0.28346911036782  0.61876861093138  0.61876861091217  0.29552887411774  0.20012832433886  0.20012832475557  0.58384284518592  0.60373802905396  0.60373802883109  -0.03330150534487  0.20141278748607  0.20141278750880  0.16581552118695  0.02034658507038  0.02034658516716  -0.10777594164370  -0.04855813549707  -0.04855813552933  -0.20347444450587
0.23235074490021  0.19995121950587  0.10799361833651  0.17598216290038  0.23088515836437  0.20960597237463  0.24441238219736  0.38257663552053  0.46659011260352  -0.01113175317449  0.19715746458504  0.14837420979312  0.15411784723387  -0.09710513304619  -0.03490155842595  0.00000000000000  -0.04768555917141  -0.04768555926591  -0.02102946013622  0.11589140742595  0.11589140742595  -0.01992350772067  0.19428268758578  0.19428268748900  -0.00815214148460  0.11439919596261  0.11439919564003  -0.02186926399340  0.18837708245880  0.18837708302141  0.00906893912155  0.12152432040176  0.12152432036950  0.00043496008504  0.26129896214809  0.26129896214809  0.06335352577273  0.08128327743328  0.08128327775587  -0.11139068539223  0.21552951486019  0.21552951481034  0.24216687295403  0.12461924625880  0.12461924593622  0.61068699196261  0.27467688670711  0.27467688638453
-0.08031566790689  0.19995121970088  0.10799361833651  -0.40014427539883  0.23088515839809  0.20960597237463  0.36631427587830  0.38257663552698  0.46659011260806  -0.03092851632918  0.19715746438050  0.14837420977902  0.29746290992962  -0.09710513264956  -0.03490155849047  -0.04768555917141  0.00000000000000  0.47225468382368  0.18830707957698  0.18830707972874  0.01518900995015  0.26265134505865  0.26265134484575  0.17894846722933  0.12994047401862  0.12994047401862  0.31834495200982  0.23108234817141  0.23108234772331  -0.31187433291950  0.06064274478578  0.06064274505997  0.17434477790059  0.00540400210191  0.00540400203739  0.18084658454179  0.31881093007351  0.31881092942880  -0.03165538841170  0.08703983519135  0.08703983516862  0.29757596475806  0.08890818948680  0.08890818945455  0.18904384515029  0.16520398655484  0.16520398752903  -0.03920727220264
-0.08031566790689  0.05339454833724  0.06218158395968  -0.40014427542155  0.00580808811364  0.21488531593915  0.36631427613783  -0.06959056475718  0.47518125738878  -0.03092851581158  0.37060463405352  0.16780166763003  0.29746290992962  -0.15528740460924  -0.29293447249047  -0.04768555926591  0.47225468382368  0.00000000000000  0.08964589419501  0.08964589419501  0.18493834344062  0.09721513681672  0.09721513571701  0.04056963661144  0.14410067629633  0.14410067632405  0.19186195570418  0.29257226160557  0.29257226193915  -0.05217938159018  -0.13226387303666  -0.13226387335924  0.19365539714223  -0.11143312806452  -0.11143313129032  0.10827887659824  0.01419307111290  0.01419307111290  0.05464411656745  -0.04677834516129  -0.04677834522581  0.03539771677126  -0.11719868953299  -0.11719868935117  -0.05958501429252  0.01876622902955  0.01876622880000  0.11573568424758
0.17668768882038  0.05192328494575  0.29825211131965  0.28122169504619  0.03797423689883  0.13370296407273  -0.01263933015836  -0.05058741688710  0.23890470544868  0.18490983027493  0.11656683179399  0.03654227809164  -0.07011945363196  0.16595836842669  0.00682734430352  -0.02102946013622  0.18830707957698  0.08964589419501  0.00000000000000  -0.01230757695748  -0.01230757695748  -0.20167586071994  0.02294818201364  0.02294818166107  -0.13160915849304  0.03571332580865  0.03571332577639  -0.08061949135264  -0.06285426553543  -0.06285426586123  -0.10168603793000  -0.00739389953688  -0.00739389953688  0.00331055827441  -0.15500556862463  -0.15500556862463  0.44360569086217  -0.18451755091349  -0.18451755096848  0.36242487582551  0.15427257367104  0.15427257399362  -0.02888262312493  -0.07721156301320  -0.07721156301320  0.08474310223607  -0.16994090589809  -0.16994090589809
0.00203667682830  0.05192328491349  0.29825211099707  -0.10535363544941  0.03797423689883  0.13370296375208  0.03964273397361  -0.05058741688710  0.23890470557999  -0.07053376023167  0.11656683179399  0.03654227809164  0.19576076233065  0.16595836773109  0.00682734428079  0.11589140742595  0.18830707972874  0.08964589419501  -0.01230757695748  0.00000000000000  0.11339748809751  -0.09613674428592  -0.09613674396334  -0.11662920837390  -0.11061330215029  -0.11061330247742  0.44000799069201  -0.02932360630718  -0.02932360630718  0.08576592658138  -0.02599159737500  -0.02599159734274  -0.01826904765865  -0.02942714981452  -0.02942714982405  0.17002772780718  0.07108489544868  0.07108489609384  0.09177883394575  -0.00126669045396  -0.00126669079927  0.10400711255631  0.07935479957038  0.07935479995748  0.01974163653226  -0.25972011866290  -0.25972011843387  -0.24225648963123
0.00203667687375  0.03545880578739  0.09683588554179  -0.10535363548167  0.39906181378006  -0.06685614489537  0.03964273365103  0.01076909583138  0.09407344565484  -0.07053375990909  -0.22473082309751  -0.07211545713856  0.19576076200806  -0.02233110936276  0.05289171205059  0.11589140742595  0.01518900995015  0.18493834344062  -0.01230757695748  0.11339748809751  0.00000000000000  0.05371208155425  0.05371208163196  0.30976001395235  0.03908089049340  0.03908089017082  -0.01153176170528  -0.17299373404545  -0.17299373434531  0.10901025225000  0.06164679028754  0.06164679028754  0.05173347694736  0.05997467176906  0.05997467177859  -0.11766984496481  -0.21528624936804  -0.21528624904545  0.35800677620674  -0.10485941669355  -0.10485941669355  -0.03883134012170  -0.25809032390762  -0.25809032455279  0.04282719535924  -0.02692389591305  -0.02692389590982  0.12162195289223
-0.08265632971459  0.18476662250806  0.01626833005828  0.00732088606085  0.09039461549824  0.17733978757705  0.45056229354839  0.35115111019194  0.29335232545506  -0.16261820706452  0.16181624527273  0.12603732649421  0.18623396633358  0.03126627014589  0.09405090423241  -0.01992350772067  0.26265134505865  0.09721513681672  -0.20167586071994  -0.09613674428592  0.05371208155425  0.00000000000000  0.13400286087537  0.13400286089809  -0.16308728613710  0.10118403080132  0.10118403077859  0.33980009158358  0.07980727728226  0.07980727666935  0.09306065134091  0.16680163653277  0.16680163624472  -0.02427654007529  -0.02609930215543  -0.02609930209091  0.32108026627713  -0.15233795246378  -0.15233795246701  0.03184217004912  0.13719885323534  0.13719885323534  0.22325325709164  0.21866486849831  0.21866486848878  -0.19980867317104  -0.31134072550290  -0.31134072527384
-0.05837273393255  0.18476662305792  0.01626833009054  -0.17229885928468  0.09039461605132  0.17733978780205  0.09015395732918  0.35115111045374  0.29335232548732  -0.01835315377053  0.16181624527273  0.12603732653600  0.18809644004985  0.03126627019135  0.09405090423241  0.19428268758578  0.26265134484575  0.09721513571701  0.02294818201364  -0.09613674396334  0.05371208163196  0.13400286087537  0.00000000000000  -0.22047125134680  0.08239789583666  0.08239789583663  0.20460909251395  -0.08784688519501  -0.08784688519501  0.01040664763490  -0.13977017565176  -0.13977017532918  -0.33463955219135  -0.09733421570381  -0.09733421570381  0.14116440092302  -0.11177859865762  -0.11177859863490  -0.10487743238783  -0.18728228081950  -0.18728228119743  0.04595017519150  -0.09078411947361  -0.09078411970088  0.18239636731672  0.00484359139106  0.00484359132331  -0.30016843420279
-0.05837273393255  0.03398349971188  0.18792562452500  -0.17229885928372  0.06810068017889  -0.32134444296628  0.09015395732918  0.05594013471393  0.15863655749465  -0.01835315311217  0.39939743482111  0.06018638039743  0.18809643940469  -0.34070293039809  -0.39716929770161  0.19428268748900  0.17894846722933  0.04056963661144  0.02294818166107  -0.11662920837390  0.30976001395235  0.13400286089809  -0.22047125134680  0.00000000000000  0.07837989847053  0.07837989847053  0.04634707608812  -0.05445532013409  -0.05445532045894  -0.02602478568262  -0.10975838612559  -0.10975838568842  0.11681457989384  0.13882051947947  0.13882051912463  0.02679407828299  -0.25647310967669  -0.25647310967669  0.29831772254912  -0.27932098006085  -0.27932097983358  -0.31186382304472  -0.05678740295235  -0.05678740295007  0.10469895178438  -0.17371318414545  -0.17371318447786  0.02060034938299
0.40007561454692  0.10136795919186  0.00952549640946  -0.09960584630000  -0.27505560899091  0.18124541860630  -0.42917302130718  0.23314454583966  0.20806267652126  -0.05402392917815  0.24637160596774  0.07641920616848  0.21480111204106  0.31870575623314  0.11113981104252  -0.00815214148460  0.12994047401862  0.14410067629633  -0.13160915849304  -0.11061330215029  0.03908089049340  -0.16308728613710  0.08239789583666  0.07837989847053  0.00000000000000  0.07505764879194  0.07505764879853  -0.52272778932655  -0.01559769473607  -0.01559769508138  -0.11700016237243  -0.03262114693182  -0.03262114715909  -0.19227363014589  0.08286295073460  0.08286295105718  0.05306928823900  -0.25207688991935  -0.25207689314516  -0.10146895697947  -0.04599313555938  -0.04599313555938  0.07846652816642  -0.37183598654135  -0.37183598718974  -0.10426551081510  -0.19165856998651  -0.19165857024091
0.08499759132104  0.10136795941686  0.00952549644172  -0.03836519007331  -0.27505560908622  0.18124541905205  0.18486615875586  0.23314454405389  0.20806267629399  -0.00307660749633  0.24637160369502  0.07641920616620  0.25849860406642  0.31870575632991  0.11113981081525  0.11439919596261  0.12994047401862  0.14410067632405  0.03571332580865  -0.11061330247742  0.03908089017082  0.10118403080132  0.08239789583663  0.07837989847053  0.07505764879194  0.00000000000000  0.43561897946510  -0.10864457276540  -0.10864457276540  0.05809193611290  -0.17394363529692  -0.17394363526466  0.15129904357551  0.06404358914956  0.06404358876246  0.20437824583284  0.09426329459971  0.09426329395455  0.00273888032625  -0.37437960203812  -0.37437960151100  0.27821306396921  0.01225558659289  0.01225558618482  0.18311919860814  -0.20814360698900  -0.20814360753886  -0.03767788053886
0.08499759132427  0.40978106816965  0.10895366131415  -0.03836519007331  -0.25062691845718  -0.01793974227273  0.18486615899267  0.10130447074765  0.08045841530865  -0.00307660652859  0.07284708012610  0.27853485147852  0.25849860406320  -0.07646691565249  -0.22769370897654  0.11439919564003  0.31834495200982  0.19186195570418  0.03571332577639  0.44000799069201  -0.01153176170528  0.10118403077859  0.20460909251395  0.04634707608812  0.07505764879853  0.43561897946510  0.00000000000000  0.02140281501173  0.02140281501173  0.22661428989296  0.23368878765396  0.23368878765396  -0.03092942001760  0.11724998970894  0.11724999003152  0.50565192154619  0.02284644985586  0.02284644954604  0.04846079829751  0.12958795127150  0.12958795191633  0.09551847027029  0.05356006814501  0.05356006878065  0.07085263383666  -0.14535866152346  -0.14535866194282  -0.06968819002199
-0.01364464229421  0.09430520710850  0.28037224571723  0.14232286654985  -0.20264958879399  0.23638090129472  0.56130568786584  0.34821866981540  0.18885513114809  -0.05263761580132  0.04548714246540  0.10049577981833  -0.09065520105543  0.12334281816349  0.29381094734479  -0.02186926399340  0.23108234817141  0.29257226160557  -0.08061949135264  -0.02932360630718  -0.17299373404545  0.33980009158358  -0.08784688519501  -0.05445532013409  -0.52272778932655  -0.10864457276540  0.02140281501173  0.00000000000000  0.09701291300147  0.09701291331452  0.23757763156672  0.09226688864971  0.09226688874501  0.05846909959545  -0.12752957841642  -0.12752957841642  -0.17658561994868  -0.10447899923658  -0.10447900223512  -0.60996156939274  -0.25189645643768  -0.25189645643768  -0.62958358893768  0.10629867577493  0.10629867578138  -0.02353954465704  0.07158160445381  0.07158160445381
0.21833864402449  0.09430520743109  0.28037224174721  -0.01914783765183  -0.20264958909384  0.23638090119795  0.05340470923702  0.34821866900491  0.18885513083504  0.33624506088783  0.04548714244494  0.10049578023460  0.08326922433944  0.12334281814076  0.29381094799223  0.18837708245880  0.23108234772331  0.29257226193915  -0.06285426553543  -0.02932360630718  -0.17299373434531  0.07980727728226  -0.08784688519501  -0.05445532045894  -0.01559769473607  -0.10864457276540  0.02140281501173  0.09701291300147  0.00000000000000  -0.21093533914883  -0.00003354240396  -0.00003354240396  0.13933338668915  0.20315478532991  0.20315478565249  -0.02109042897801  0.13027317991056  0.13027318013636  -0.17946429040029  0.13074043835044  0.13074043867302  -0.12977494650293  -0.13030539110850  -0.13030539080865  0.01537170800440  -0.17666780751965  -0.17666780702962  0.05733652755088
0.21833864400176  -0.11366662932551  0.15054270614721  -0.01914783732925  -0.21541819135191  0.02960137674633  0.05340470885718  -0.35467995398717  0.35134797546481  0.33624506024267  -0.30344988155924  -0.08340381002881  0.08326922104912  0.20111643904179  -0.28346911036782  0.18837708302141  -0.31187433291950  -0.05217938159018  -0.06285426586123  0.08576592658138  0.10901025225000  0.07980727666935  0.01040664763490  -0.02602478568262  -0.01559769508138  0.05809193611290  0.22661428989296  0.09701291331452  -0.21093533914883  0.00000000000000  0.04863901903231  0.04863901870905  -0.16127689965911  -0.01190507277053  -0.01190507277053  0.43974641641569  -0.20633194614443  -0.20633194613123  -0.10569841143475  0.13344020053152  0.13344020059971  0.19426327318328  -0.03011109026613  -0.03011109058871  0.35702736672801  -0.19083062959126  -0.19083062991603  -0.07906585719633
0.32515691686686  0.15192462542375  0.14778488416642  0.01877444588409  0.03643600909677  -0.08546347146554  0.30779258078321  0.31096829225916  0.41612136779912  -0.00441783082771  0.12603203495806  -0.03008811787903  0.00564853432918  0.01166865397581  0.61876861093138  0.00906893912155  0.06064274478578  -0.13226387303666  -0.10168603793000  -0.02599159737500  0.06164679028754  0.09306065134091  -0.13977017565176  -0.10975838612559  -0.11700016237243  -0.17394363529692  0.23368878765396  0.23757763156672  -0.00003354240396  0.04863901903231  0.00000000000000  -0.10215768293622  -0.10215768295894  0.06954228865982  -0.04062360703849  -0.04062360703849  -0.19261281868446  -0.00875935622654  -0.00875935558592  0.22816619172295  -0.20356898242053  -0.20356898245601  -0.70332173835367  -0.07760605110337  -0.07760605142595  -0.19305823140982  -0.19031163458930  -0.19031163469267
0.17474215118108  0.15192462542375  0.14778488458431  -0.10831341776035  0.03643600939663  -0.08546347156232  0.13893809195528  0.31096829232595  0.41612136779912  0.06996487454487  0.12603203495579  -0.03008811803050  -0.16275551824179  0.01166865397581  0.61876861091217  0.12152432040176  0.06064274505997  -0.13226387335924  -0.00739389953688  -0.02599159734274  0.06164679028754  0.16680163653277  -0.13977017532918  -0.10975838568842  -0.03262114693182  -0.17394363526466  0.23368878765396  0.09226688864971  -0.00003354240396  0.04863901870905  -0.10215768293622  0.00000000000000  -0.18936919676950  -0.08374884647595  -0.08374884686532  0.41454494265667  0.05159990852786  0.05159990876158  -0.04352068412317  -0.21368213657405  -0.21368213631452  0.05265691917669  0.04493029506452  0.04493029502273  -0.13144899815323  0.05058821696554  0.05058821373974  0.16830993138196
0.17474215121334  -0.31130897731525  -0.09665907177493  -0.10831341806134  0.17325623030645  0.25552450974707  0.13893809198754  0.46906750772764  -0.14382943728886  0.06996487487427  0.07362781122705  -0.05410388469003  -0.16275551811276  0.33241886377639  0.29552887411774  0.12152432036950  0.17434477790059  0.19365539714223  -0.00739389953688  -0.01826904765865  0.05173347694736  0.16680163624472  -0.33463955219135  0.11681457989384  -0.03262114715909  0.15129904357551  -0.03092942001760  0.09226688874501  0.13933338668915  -0.16127689965911  -0.10215768295894  -0.18936919676950  0.00000000000000  -0.20863036748534  -0.20863036748534  0.13123397143695  -0.02619853943255  -0.02619853952786  -0.11122074405132  -0.09016141605645  -0.09016141573387  0.21557359822067  0.05525165697507  0.05525165700733  0.35669275070235  0.15265927873534  0.15265928156452  0.36128183968988
-0.25979253610630  0.18297327709091  0.11673584703226  0.05375395480472  -0.13659812412390  -0.20423513445748  0.42337795937757  0.30129444767551  0.41280848376833  0.12982143215007  0.31227084847581  -0.01026317708416  -0.04117506040337  0.15080166536987  0.20012832433886  0.00043496008504  0.00540400210191  -0.11143312806452  0.00331055827441  -0.02942714981452  0.05997467176906  -0.02427654007529  -0.09733421570381  0.13882051947947  -0.19227363014589  0.06404358914956  0.11724998970894  0.05846909959545  0.20315478532991  -0.01190507277053  0.06954228865982  -0.08374884647595  -0.20863036748534  0.00000000000000  0.11289017510484  0.11289017516935  0.17279229105645  0.04564723213490  0.04564723181232  0.21805405524927  0.06225194606818  0.06225194590543  0.09610228599194  -0.05240936349466  -0.05240936318142  0.25029873636301  -0.23117980967485  -0.23117980969758
-0.00311689289076  0.18297327741349  0.11673584667742  0.33809056484509  -0.13659812412390  -0.20423513445748  0.07953468488548  0.30129444775293  0.41280848350073  0.33959885283812  0.31227084871114  -0.01026317703915  -0.14674130047771  0.15080166536987  0.20012832475557  0.26129896214809  0.00540400203739  -0.11143313129032  -0.15500556862463  -0.02942714982405  0.05997467177859  -0.02609930215543  -0.09733421570381  0.13882051912463  0.08286295073460  0.06404358876246  0.11724999003152  -0.12752957841642  0.20315478565249  -0.01190507277053  -0.04062360703849  -0.08374884686532  -0.20863036748534  0.11289017510484  0.00000000000000  -0.00146951683688  -0.10579058464509  -0.10579058464282  0.42237148385689  0.06444432091569  0.06444432081525  0.12347018351320  -0.24312263068548  -0.24312263100806  -0.01098746703739  -0.20142982125440  -0.20142982125440  -0.68298077184091
-0.00311689285850  -0.15320748546481  -0.07206191500733  0.33809056480760  -0.08269390629106  -0.06608107751026  0.07953468485000  0.10053156259135  -0.01305028989516  0.33959885313636  0.08254425064369  -0.02488983726584  -0.14674130072771  0.09397169508394  0.58384284518592  0.26129896214809  0.18084658454179  0.10827887659824  -0.15500556862463  0.17002772780718  -0.11766984496481  -0.02609930209091  0.14116440092302  0.02679407828299  0.08286295105718  0.20437824583284  0.50565192154619  -0.12752957841642  -0.02109042897801  0.43974641641569  -0.04062360703849  0.41454494265667  0.13123397143695  0.11289017516935  -0.00146951683688  0.00000000000000  -0.07251012157038  -0.07251012157038  0.18503592974853  -0.01372566539956  -0.01372566536730  -0.08387362568842  -0.00714116875381  -0.00714116917317  0.11934750843937  0.06248607098534  0.06248607130792  0.04131379558944
-0.24619777987170  0.15871839140176  0.41696485688270  0.14616800891636  0.07097284482258  0.19080710710378  0.22421058893006  0.06456764863416  0.32342455227199  -0.13807872066598  0.14214492794355  0.30190626183079  0.10041756158900  0.11373740011100  0.60373802905396  0.06335352577273  0.31881093007351  0.01419307111290  0.44360569086217  0.07108489544868  -0.21528624936804  0.32108026627713  -0.11177859865762  -0.25647310967669  0.05306928823900  0.09426329459971  0.02284644985586  -0.17658561994868  0.13027317991056  -0.20633194614443  -0.19261281868446  0.05159990852786  -0.02619853943255  0.17279229105645  -0.10579058464509  -0.07251012157038  0.00000000000000  -0.03508424346716  -0.03508424347038  0.04716712575249  0.24012243310924  0.24012243336730  -0.12594584350073  0.15549984387903  0.15549984385630  0.03768610593768  -0.05494642770757  -0.05494642738067
0.19553186104472  0.15871839140176  0.41696485746481  0.41982136189457  0.07097284482258  0.19080710742765  0.29834177126906  0.06456764839369  0.32342455262683  0.12247293146422  0.14214492788856  0.30190626185579  -0.11344984922368  0.11373740013372  0.60373802883109  0.08128327743328  0.31881092942880  0.01419307111290  -0.18451755091349  0.07108489609384  -0.21528624904545  -0.15233795246378  -0.11177859863490  -0.25647310967669  -0.25207688991935  0.09426329395455  0.02284644954604  -0.10447899923658  0.13027318013636  -0.20633194613123  -0.00875935622654  0.05159990876158  -0.02619853952786  0.04564723213490  -0.10579058464282  -0.07251012157038  -0.03508424346716  0.00000000000000  0.01331017800689  0.25840312740982  0.25840312676466  0.11327521019868  -0.14106401694208  -0.14106401694208  0.28694456972361  -0.19157864011364  -0.19157863965909  -0.15322272062683
0.19553186094795  -0.05282021045161  0.05986263534238  0.41982136189457  -0.21335468136657  0.06229669998601  0.29834177126906  -0.14063686203739  0.00235776206012  0.12247293146100  -0.28426546574194  0.27040822837720  -0.11344985024912  0.09044045111554  -0.03330150534487  0.08128327775587  -0.03165538841170  0.05464411656745  -0.18451755096848  0.09177883394575  0.35800677620674  -0.15233795246701  -0.10487743238783  0.29831772254912  -0.25207689314516  0.00273888032625  0.04846079829751  -0.10447900223512  -0.17946429040029  -0.10569841143475  -0.00875935558592  -0.04352068412317  -0.11122074405132  0.04564723181232  0.42237148385689  0.18503592974853  -0.03508424347038  0.01331017800689  0.00000000000000  -0.17631335907412  -0.17631335909685  -0.08741111896635  -0.18007209681892  -0.18007209746408  0.12446301025293  0.17130803943915  0.17130803943915  -0.18325934405792
0.03822634673094  0.19474542901532  0.19115878297346  0.03421203666554  -0.00593342614098  0.10798345668519  0.22362006373534  0.06642752624677  0.33501566209545  -0.09339216719152  0.51770490342111  0.25300695405909  -0.15459063443321  0.24398011546261  0.20141278748607  -0.11139068539223  0.08703983519135  -0.04677834516129  0.36242487582551  -0.00126669045396  -0.10485941669355  0.03184217004912  -0.18728228081950  -0.27932098006085  -0.10146895697947  -0.37437960203812  0.12958795127150  -0.60996156939274  0.13074043835044  0.13344020053152  0.22816619172295  -0.21368213657405  -0.09016141605645  0.21805405524927  0.06444432091569  -0.01372566539956  0.04716712575249  0.25840312740982  -0.17631335907412  0.00000000000000  0.00461273936950  0.00461273927419  -0.40820415268328  -0.00984604979252  -0.00984605066496  -0.40333305970015  -0.14639099495931  -0.14639099399157
0.05041309850660  0.19474542869501  0.19115878332830  0.43972975435059  -0.00593342612053  0.10798345697551  0.19841198711290  0.06642752618695  0.33501566210191  0.11515240767669  0.51770490341884  0.25300695396554  -0.13776360350953  0.24398011546261  0.20141278750880  0.21552951486019  0.08703983516862  -0.04677834522581  0.15427257367104  -0.00126669079927  -0.10485941669355  0.13719885323534  -0.18728228119743  -0.27932097983358  -0.04599313555938  -0.37437960151100  0.12958795191633  -0.25189645643768  0.13074043867302  0.13344020059971  -0.20356898242053  -0.21368213631452  -0.09016141573387  0.06225194606818  0.06444432081525  -0.01372566536730  0.24012243310924  0.25840312676466  -0.17631335909685  0.00461273936950  0.00000000000000  -0.09502082102163  -0.24849220457397  -0.24849220489655  -0.43954658391349  -0.20810229087830  -0.20810229087830  -0.19827430343328
0.05041309882918  -0.27180935224861  -0.04233790188988  0.43972975490044  0.22360634799135  0.10740782322185  0.19841198743548  0.04675767362067  -0.16983369138343  0.11515240767669  0.34261580570462  -0.09684359394883  -0.13776360341276  0.05338973340689  0.16581552118695  0.21552951481034  0.29757596475806  0.03539771677126  0.15427257399362  0.10400711255631  -0.03883134012170  0.13719885323534  0.04595017519150  -0.31186382304472  -0.04599313555938  0.27821306396921  0.09551847027029  -0.25189645643768  -0.12977494650293  0.19426327318328  -0.20356898245601  0.05265691917669  0.21557359822067  0.06225194590543  0.12347018351320  -0.08387362568842  0.24012243336730  0.11327521019868  -0.08741111896635  0.00461273927419  -0.09502082102163  0.00000000000000  -0.43024105042375  -0.43024105071408  -0.10657228824780  -0.18803077507771  -0.18803077540029  0.21893816967302
0.11958700273974  0.21657344879285  0.43184611253233  0.00390151742727  0.03665587054106  -0.02917979177141  -0.23607584794795  -0.00755997318622  0.27902330459531  -0.08602991521921  0.30624234888783  0.06697001357551  0.11909609571334  0.20663396305792  0.02034658507038  0.24216687295403  0.08890818948680  -0.11719868953299  -0.02888262312493  0.07935479957038  -0.25809032390762  0.22325325709164  -0.09078411947361  -0.05678740295235  0.07846652816642  0.01225558659289  0.05356006814501  -0.62958358893768  -0.13030539110850  -0.03011109026613  -0.70332173835367  0.04493029506452  0.05525165697507  0.09610228599194  -0.24312263068548  -0.00714116875381  -0.12594584350073  -0.14106401694208  -0.18007209681892  -0.40820415268328  -0.24849220457397  -0.43024105042375  0.00000000000000  0.25447500052625  0.25447500052625  0.28202504921862  0.00427705406290  0.00427705409516
0.10692231770235  0.21657344837474  0.43184611184128  0.44605707393915  0.03665587054106  -0.02917979199868  0.36820639606957  -0.00755997321848  0.27902330432771  -0.11422686515543  0.30624234898314  0.06697001359824  -0.02268602628416  0.20663396338050  0.02034658516716  0.12461924625880  0.08890818945455  -0.11719868935117  -0.07721156301320  0.07935479995748  -0.25809032455279  0.21866486849831  -0.09078411970088  -0.05678740295007  -0.37183598654135  0.01225558618482  0.05356006878065  0.10629867577493  -0.13030539080865  -0.03011109058871  -0.07760605110337  0.04493029502273  0.05525165700733  -0.05240936349466  -0.24312263100806  -0.00714116917317  0.15549984387903  -0.14106401694208  -0.18007209746408  -0.00984604979252  -0.24849220489655  -0.43024105071408  0.25447500052625  0.00000000000000  -0.09747813322273  0.45249207207346  0.45249207175543  0.13778970859919
0.10692231718328  -0.14736428039673  -0.17624563572493  0.44605707426173  0.20334346205425  0.34116352570073  0.36820639598108  -0.10283783674194  -0.48612966265176  -0.11422686516224  0.24882382359164  -0.49012181599487  -0.02268602623109  0.11440937368255  -0.10777594164370  0.12461924593622  0.18904384515029  -0.05958501429252  -0.07721156301320  0.01974163653226  0.04282719535924  0.21866486848878  0.18239636731672  0.10469895178438  -0.37183598718974  0.18311919860814  0.07085263383666  0.10629867578138  0.01537170800440  0.35702736672801  -0.07760605142595  -0.13144899815323  0.35669275070235  -0.05240936318142  -0.01098746703739  0.11934750843937  0.15549984385630  0.28694456972361  0.12446301025293  -0.00984605066496  -0.43954658391349  -0.10657228824780  0.25447500052625  -0.09747813322273  0.00000000000000  0.31194299287903  0.31194299287903  0.06945155143695
