0.00000000000000  -0.01820778915718  -0.01820778892991  -0.06633081826276  -0.03393605291276  -0.03393605291276  -0.39194984119282  0.08395583363746  0.08395583341019  -0.21863398591327  0.07031388924560  0.07031388892302  -0.07290394742595  -0.02028574255323  -0.02028574258226  0.01523284827551  -0.01808009624472  -0.01808009624472  0.16617699934912  0.02655087379377  0.02655087400784  0.01657286414157  -0.05111684665926  -0.05111684666249  0.09563708691998  0.01136152042815  0.01136152045088  0.03141317974861  -0.02542554920161  -0.02542554884677  0.02002202200139  -0.00500474012192  -0.00500473989692  0.09719058944523  -0.01971781713930  -0.01971781768915  0.04571788497067  -0.04083463245865  -0.04083463250733  -0.03613609592412  -0.07574858974135  -0.07574859000315  0.04461758647082  0.02596563695968  0.02596563693695  0.17022459686950  0.01425862707551  0.01425862705279
-0.01820778915718  0.00000000000000  -0.26439252497067  0.09252850991122  0.09252850994120  -0.21322066018284  0.01119723391129  0.01119723368402  -0.00919700989809  0.04309236131738  0.04309236163996  -0.08741463644069  0.07377885303079  0.07377885298534  0.17657025260997  0.06574974299120  0.06574974299120  0.00886538702639  -0.00678978249413  -0.00678978224413  0.20684254178299  0.03068753799971  0.03068753767713  -0.10712029557390  0.10739438375902  0.10739438375220  0.18347544178578  0.17063226992390  0.17063226969663  0.15587488553754  0.08719421558402  0.08719421502463  -0.02525372654839  0.16624384275029  0.16624384314091  -0.01397390529985  0.05781266424340  0.05781266424340  0.06186153309531  0.05208940111144  0.05208940111144  0.03655727850440  0.06337109194795  0.06337109194795  0.03257749470748  0.01273785980161  0.01273785980484  0.05659310385455
-0.01820778892991  -0.26439252497067  0.00000000000000  -0.00278876741349  -0.00278876741349  0.13089571599413  -0.00494838243537  -0.00494838241457  -0.00219852456683  -0.03102852112713  -0.03102852114985  0.00345381677395  -0.03880369861730  -0.03880369859457  0.01779527188563  0.19755952279208  0.19755952271789  0.07407946543050  0.09408557202771  0.09408557205044  -0.05468492866672  0.06146574501906  0.06146574482177  0.07745737534567  0.00557541308548  0.00557541298871  0.12069419946144  0.06185566615543  0.06185566586364  0.06420418527566  -0.01744247128292  -0.01744247125389  0.17676795286679  0.09621558615777  0.09621558583519  0.04840489106804  0.19334020281525  0.19334020281525  0.08120364628299  0.09635044055205  0.09635044020125  0.07876637883534  -0.00731565881136  -0.00731565933944  -0.02611456212522  -0.07252750591760  -0.07252750594128  0.04880413362097
-0.06633081826276  0.09252850991122  -0.00278876741349  0.00000000000000  -0.05161001577038  -0.05161001544457  0.04517949612713  0.04448815496408  0.04448815528666  0.07324432554406  0.19837704687023  0.19837704687023  -0.05610021257918  0.18676551312053  0.18676551311371  0.06686351039905  0.03531403943680  0.03531403922999  0.02345017471459  -0.01057160875880  -0.01057160868108  -0.03548260295088  -0.02126303036238  -0.02126303036238  -0.17482985112223  -0.07911591558724  -0.07911591563270  -0.12887350308138  0.00000037622009  0.00000037622009  -0.13566350648453  -0.12541649484310  -0.12541649461606  -0.08836669514922  0.04836505092547  0.04836505092456  0.20910206503484  0.05790677216257  0.05790677238866  0.25266889789345  0.01146300171848  0.01146300171848  0.02799227425293  -0.02103044853717  -0.02103044853167  0.39055798458043  -0.02847668802199  -0.02847668802199
-0.03393605291276  0.09252850994120  -0.00278876741349  -0.05161001577038  0.00000000000000  0.21484377944721  0.03668274072067  0.03668274039809  0.01369278455938  0.01723440958871  0.01723440958871  0.01668365764443  -0.00582758906232  -0.00582758903959  0.04782291392229  -0.03966578344091  -0.03966578311833  0.07667396634736  0.11428046034897  0.11428046012170  0.16224970182698  0.06738073445308  0.06738073445308  -0.00863865151466  -0.05207069693328  -0.05207069702859  0.05885764585850  -0.00143742381320  -0.00143742349062  -0.08126193262698  0.00988800059824  0.00988800082551  0.08496198028299  0.03318556563416  0.03318556563416  -0.24486747636437  -0.02602574205352  -0.02602574269868  -0.22189213939956  0.06633761436217  0.06633761455572  -0.04535702174780  -0.04634532906957  -0.04634532872427  -0.03670642534091  -0.07839779974487  -0.07839779984164  -0.10257899069355
-0.03393605291276  -0.21322066018284  0.13089571599413  -0.05161001544457  0.21484377944721  0.00000000000000  -0.05942920600594  -0.05942920578321  0.14393035885139  -0.04917657843915  -0.04917657864369  -0.01098483773827  0.03509118990953  0.03509118990726  0.33009518598057  -0.11751213548988  -0.11751213526906  0.13817486260249  -0.09618122375088  -0.09618122374765  0.16186899707522  -0.08472472289326  -0.08472472289326  0.00949899939736  0.14214167798240  0.14214167798240  0.07861842090103  0.17628166781569  0.17628166756569  -0.01762700019384  0.12667060895853  0.12667060896015  0.11074915424249  -0.06332439865139  -0.06332439871591  0.00031733707075  -0.01776618225938  -0.01776618193680  0.12546353825938  -0.06996074473680  -0.06996074505616  -0.08740829215235  0.02857264344340  0.02857264342823  -0.01721294429582  0.14122291840909  0.14122291844861  0.10870040954831
-0.39194984119282  0.01119723391129  -0.00494838243537  0.04517949612713  0.03668274072067  -0.05942920600594  0.00000000000000  0.03193163759362  0.03193163723878  -0.11883721430330  -0.00603480493776  -0.00603480526034  -0.10675362213277  -0.01430886817698  -0.01430886853409  -0.04586945621202  0.05122878204604  0.05122878180924  0.02714368545323  -0.03758937567947  -0.03758937567302  0.08038631135748  -0.09200071004399  -0.09200070981672  -0.46925364557918  0.01377783279751  0.01377783280073  0.04171662068974  0.01782595163941  0.01782595167135  0.03148950832284  0.09058818491862  0.09058818495088  -0.00488184642830  0.00346838782023  0.00346838782346  -0.04113529594370  0.04618222015249  0.04618222015249  0.06132175751026  -0.04302747405345  -0.04302747400411  -0.08497708584699  0.02855702597654  0.02855702620381  0.44869383442375  -0.03691372396334  -0.03691372396334
0.08395583363746  0.01119723368402  -0.00494838241457  0.04448815496408  0.03668274039809  -0.05942920578321  0.03193163759362  0.00000000000000  0.01942032512170  -0.00523071923453  -0.00523071900953  -0.05115101158849  -0.00206836302148  -0.00206836301921  -0.08005249781070  0.09034033513314  0.09034033547845  -0.27003836792419  0.06468194279179  0.06468194301906  0.07112303451760  0.24212025493240  0.24212025473057  0.12300964662757  0.20817733528050  0.20817733495792  0.25372199235440  0.21846445716935  0.21846445693255  -0.26567385289589  0.07196483822067  0.07196483819113  0.03891128340227  0.09521854937830  0.09521854915103  -0.14613386524194  0.01233761379179  0.01233761367375  0.06246259356085  0.03638857936855  0.03638857884949  0.02568165129523  0.02373404660601  0.02373404660601  0.05095725346935  0.11015750577111  0.11015750557757  -0.06579597726114
0.08395583341019  -0.00919700989809  -0.00219852456683  0.04448815528666  0.01369278455938  0.14393035885139  0.03193163723878  0.01942032512170  0.00000000000000  0.04854821746701  0.04854821792009  -0.20561572809018  0.09295354594809  0.09295354594809  0.00136251251884  0.01328366095594  0.01328366095594  0.04013657873138  -0.03335575564721  -0.03335575599575  -0.06136192156503  0.09006484942962  0.09006484942962  0.09559824882038  -0.06948908429589  -0.06948908452434  0.08888410583196  -0.04962710593452  -0.04962710658078  0.02938882541135  -0.02331806714142  -0.02331806679076  -0.05863155586642  -0.06605535619208  -0.06605535619208  -0.04735705101760  -0.01167065674267  -0.01167065609751  -0.01628207881305  0.06941011549120  0.06941011551393  -0.22361618272947  -0.03430232872427  -0.03430232836488  -0.04293803780227  -0.01574696305059  -0.01574696347287  -0.00015391346774
-0.21863398591327  0.04309236131738  -0.03102852112713  0.07324432554406  0.01723440958871  -0.04917657843915  -0.11883721430330  -0.00523071923453  0.04854821746701  0.00000000000000  0.04112049980293  0.04112049978570  0.07515936264509  0.02530380676224  0.02530380707390  -0.03280015049216  0.01296577447471  0.01296577476048  0.11335647986107  0.03933822464883  0.03933822435850  -0.01902213980279  0.06160085938270  0.06160085893109  -0.06137522553959  0.04876414709164  0.04876414729619  -0.05234851333138  0.09006217474707  0.09006217497434  -0.00643730861950  -0.05514864244428  -0.05514864251833  -0.01616996881232  -0.02053503735938  -0.02053503675968  -0.13449512692251  -0.04274665953079  -0.04274665953079  -0.34177279536657  -0.02905202548680  -0.02905202580938  0.00299527714956  0.05583563263950  0.05583563264015  0.06219347447132  0.09871249452119  0.09871249482881
0.07031388924560  0.04309236163996  -0.03102852114985  0.19837704687023  0.01723440958871  -0.04917657864369  -0.00603480493776  -0.00523071900953  0.04854821792009  0.04112049980293  0.00000000000000  0.00582390520440  0.02908650962940  0.02908650971664  0.13544024319685  0.08867126883680  0.08867126885726  0.11492370715403  -0.02677857568021  -0.02677857545293  0.04033906205440  0.08226977657478  0.08226977657478  0.46603883990762  -0.00451854832331  -0.00451854832331  0.04707626065029  0.07191274936364  0.07191274904106  -0.35558426077713  0.03099325563908  0.03099325566906  -0.11288688131026  0.19935177379795  0.19935177379795  0.00517088090000  0.17357688291642  0.17357688291642  0.01844611035044  0.27340981890689  0.27340981919721  0.04402087906232  0.16897928493211  0.16897928525792  0.17531733813680  0.28264334921078  0.28264334920125  -0.21185201063526
0.07031388892302  -0.08741463644069  0.00345381677395  0.19837704687023  0.01668365764443  -0.01098483773827  -0.00603480526034  -0.05115101158849  -0.20561572809018  0.04112049978570  0.00582390520440  0.00000000000000  0.09660918335484  0.09660918335484  0.31333739418035  0.02849052499853  0.02849052524853  -0.05606766969941  -0.01860530734091  -0.01860530712317  0.06295134604399  -0.03317929716387  -0.03317929654729  -0.04051620097600  0.04137822165227  0.04137822165455  0.07201644093820  0.09034963415621  0.09034963433320  -0.01213374278830  0.02674171318908  0.02674171286745  -0.16594954356393  0.01630460342214  0.01630460373922  0.01564685335359  0.08564164289368  0.08564164286949  0.09377597624831  0.03334401160440  0.03334401182845  0.06383138007918  0.13369761002625  0.13369761034883  -0.15035343980132  0.04954350552119  0.04954350558387  0.03894851614252
-0.07290394742595  0.07377885303079  -0.03880369861730  -0.05610021257918  -0.00582758906232  0.03509118990953  -0.10675362213277  -0.00206836302148  0.09295354594809  0.07515936264509  0.02908650962940  0.09660918335484  0.00000000000000  0.04601873913974  0.04601873888021  0.01594482819399  0.04352225106921  0.04352225106921  -0.06858904036921  0.08984414348512  0.08984414343966  -0.12686068069010  0.02694783837830  0.02694783841056  0.07977600564516  0.09575004394238  0.09575004383754  -0.17383086816452  0.05066921500612  0.05066921505281  0.11095074213605  0.00658465028534  0.00658465028695  -0.00069686985343  0.06466964564736  0.06466964530205  0.01336802063490  0.10472664525367  0.10472664514223  0.00952576913438  0.02122079209018  0.02122079209971  0.15742401833578  0.01266900879985  0.01266900897067  0.00311917121701  0.00301808964164  0.00301808934501
-0.02028574255323  0.07377885298534  -0.03880369859457  0.18676551312053  -0.00582758903959  0.03509118990726  -0.01430886817698  -0.00206836301921  0.09295354594809  0.02530380676224  0.02908650971664  0.09660918335484  0.04601873913974  0.00000000000000  -0.11492865112735  0.03574528550726  0.03574528582889  -0.09755426715777  0.10396322692698  0.10396322660213  0.00075521313732  -0.11935216939839  -0.11935216904355  0.01413011635572  -0.10050139175403  -0.10050139171305  -0.07944987430704  -0.04035033014348  -0.04035033014120  0.04181246797463  -0.03183978171004  -0.03183978167456  -0.07021308798922  0.07861337565073  0.07861337561848  -0.12475896178475  -0.00712020691642  -0.00712020691642  0.05679349315982  -0.01537089680132  -0.01537089677859  0.05456802246994  -0.02545612976173  -0.02545612972947  -0.06129343191642  -0.06563994324765  -0.06563994347720  -0.02345276395843
-0.02028574258226  0.17657025260997  0.01779527188563  0.18676551311371  0.04782291392229  0.33009518598057  -0.01430886853409  -0.08005249781070  0.00136251251884  0.02530380707390  0.13544024319685  0.31333739418035  0.04601873888021  -0.11492865112735  0.00000000000000  -0.08892845394428  -0.08892845394428  -0.27886524390029  -0.01504148546906  -0.01504148550132  -0.01804925185403  -0.00141598737317  -0.00141598737639  -0.26565544383798  0.13533793709824  0.13533793709824  -0.27538276581378  0.08242390807111  0.08242390807111  -0.18361927040249  0.19516724071554  0.19516724074780  0.03450186815469  0.15561476529692  0.15561476529692  0.16883238039076  0.25434452247302  0.25434452215044  -0.10711936380213  0.06892631735276  0.06892631755924  0.04568608901994  0.13922455722449  0.13922455769179  0.03623019348446  0.00603942225587  0.00603942257845  -0.07910857036730
0.01523284827551  0.06574974299120  0.19755952279208  0.06686351039905  -0.03966578344091  -0.11751213548988  -0.04586945621202  0.09034033513314  0.01328366095594  -0.03280015049216  0.08867126883680  0.02849052499853  0.01594482819399  0.03574528550726  -0.08892845394428  0.00000000000000  -0.01208069494443  -0.01208069429927  -0.04396581466701  0.04754028080484  0.04754028080711  0.03686036111085  0.12097983514751  0.12097983527977  -0.19403263859296  0.06616468012830  0.06616468005425  -0.04285156320455  0.07940778152881  0.07940778182962  -0.01916792598541  -0.00027184327500  -0.00027184328805  0.07047229583512  0.01518921776782  0.01518921829114  -0.05095010481051  0.10929838531664  0.10929838531437  0.17808818042287  -0.02561581276510  -0.02561581241026  0.10322087926041  -0.04410032080572  -0.04410032080572  0.01449811860777  -0.01313302166496  -0.01313302134238
-0.01808009624472  0.06574974299120  0.19755952271789  0.03531403943680  -0.03966578311833  -0.11751213526906  0.05122878204604  0.09034033547845  0.01328366095594  0.01296577447471  0.08867126885726  0.02849052524853  0.04352225106921  0.03574528582889  -0.08892845394428  -0.01208069494443  0.00000000000000  0.31080307298021  0.01226005235183  0.01226005202471  -0.12675321368270  0.05952697506584  0.05952697506584  -0.11866872689018  0.08559548903842  0.08559548900616  0.01501110548710  -0.01683477214553  -0.01683477207148  -0.10745235280535  -0.02662262576804  -0.02662262593387  -0.04771588927610  0.08685066378849  0.08685066346409  0.00478533178510  0.07871261363959  0.07871261406305  -0.07352153513592  0.04778847263638  0.04778847295009  0.08055894472946  0.04035012643798  0.04035012676378  0.10139285207265  0.02433745042419  0.02433745077903  0.14058876588431
-0.01808009624472  0.00886538702639  0.07407946543050  0.03531403922999  0.07667396634736  0.13817486260249  0.05122878180924  -0.27003836792419  0.04013657873138  0.01296577476048  0.11492370715403  -0.05606766969941  0.04352225106921  -0.09755426715777  -0.27886524390029  -0.01208069429927  0.31080307298021  0.00000000000000  0.03512938109773  0.03512938051562  0.05517007867155  0.15984862248974  0.15984862216716  0.00688440758504  -0.09686054091906  -0.09686054097067  0.08787311811026  -0.05468628975117  -0.05468629006100  -0.05864361626862  0.13773305638563  0.13773305638563  0.23348160308651  0.17612396249194  0.17612396246921  -0.17560020277199  0.14162031508358  0.14162031488856  0.00967240149413  0.05907639676906  0.05907639676906  -0.06696396639809  -0.05593912497067  -0.05593912464809  -0.08831297040469  0.03012996095374  0.03012996065227  -0.08914136539614
0.16617699934912  -0.00678978249413  0.09408557202771  0.02345017471459  0.11428046034897  -0.09618122375088  0.02714368545323  0.06468194279179  -0.03335575564721  0.11335647986107  -0.02677857568021  -0.01860530734091  -0.06858904036921  0.10396322692698  -0.01504148546906  -0.04396581466701  0.01226005235183  0.03512938109773  0.00000000000000  -0.09732268435484  -0.09732268435484  -0.09286481601342  -0.05081254729944  -0.05081254729523  0.01232874970268  -0.10652077442742  -0.10652077443372  -0.10728721588680  -0.08064809846606  -0.08064809849831  0.02798530451048  -0.02624582790982  -0.02624582789032  0.21909713757595  -0.07614286807852  -0.07614286843108  0.22268190215169  -0.10686115320396  -0.10686115320396  0.17574744042735  0.05755574486865  0.05755574486897  0.05127664864674  -0.19020003110117  -0.19020003110117  -0.12031448081525  -0.14141890686723  -0.14141890683497
0.02655087379377  -0.00678978224413  0.09408557205044  -0.01057160875880  0.11428046012170  -0.09618122374765  -0.03758937567947  0.06468194301906  -0.03335575599575  0.03933822464883  -0.02677857545293  -0.01860530712317  0.08984414348512  0.10396322660213  -0.01504148550132  0.04754028080484  0.01226005202471  0.03512938051562  -0.09732268435484  0.00000000000000  0.16462043760183  -0.08898617684091  -0.08898617687317  0.17496561605499  -0.17296853702713  -0.17296853734743  0.10499918076107  -0.04649904775455  -0.04649904798182  0.07995280302141  -0.14533941811342  -0.14533941834069  -0.10800207801430  -0.12652715332551  -0.12652715335777  -0.12133750051026  -0.11369221419355  -0.11369221386870  -0.08737678526525  -0.05857578944692  -0.05857578944369  -0.11219359549589  -0.07826600203284  -0.07826600200059  -0.14578091318827  -0.04042720968424  -0.04042720935938  -0.23720803051921
0.02655087400784  0.20684254178299  -0.05468492866672  -0.01057160868108  0.16224970182698  0.16186899707522  -0.03758937567302  0.07112303451760  -0.06136192156503  0.03933822435850  0.04033906205440  0.06295134604399  0.08984414343966  0.00075521313732  -0.01804925185403  0.04754028080711  -0.12675321368270  0.05517007867155  -0.09732268435484  0.16462043760183  0.00000000000000  0.07600014073651  0.07600014051246  0.09429963207727  -0.12759337110264  -0.12759337126540  0.04736365098240  -0.12318817102419  -0.12318817102419  0.03595362163563  -0.05693072501422  -0.05693072501422  -0.08654377746378  -0.10687542724927  -0.10687542759457  0.12006216510557  -0.06222039069355  -0.06222039088856  0.07412256178592  0.16122649095528  0.16122649115029  0.10126973395015  0.03220705087977  0.03220705093475  0.02171999269062  0.00397031459531  0.00397031488563  0.18999450419941
0.01657286414157  0.03068753799971  0.06146574501906  -0.03548260295088  0.06738073445308  -0.08472472289326  0.08038631135748  0.24212025493240  0.09006484942962  -0.01902213980279  0.08226977657478  -0.03317929716387  -0.12686068069010  -0.11935216939839  -0.00141598737317  0.03686036111085  0.05952697506584  0.15984862248974  -0.09286481601342  -0.08898617684091  0.07600014073651  0.00000000000000  -0.02708736381452  -0.02708736381452  -0.01119875860484  0.02173810814142  0.02173810813688  0.07092393519626  -0.04353160544765  -0.04353160512507  0.01291776440953  0.09081864676979  0.09081864534751  0.12631547630499  0.09016757045315  0.09016757017573  -0.02864763382705  0.09487808510337  0.09487808519868  -0.04166599846701  0.03606468775733  0.03606468792044  0.06556107840400  0.10220969764457  0.10220969791400  0.07690501933834  -0.15481815052126  -0.15481815052126
-0.05111684665926  0.03068753767713  0.06146574482177  -0.02126303036238  0.06738073445308  -0.08472472289326  -0.09200071004399  0.24212025473057  0.09006484942962  0.06160085938270  0.08226977657478  -0.03317929654729  0.02694783837830  -0.11935216904355  -0.00141598737639  0.12097983514751  0.05952697506584  0.15984862216716  -0.05081254729944  -0.08898617687317  0.07600014051246  -0.02708736381452  0.00000000000000  -0.14946167241129  0.10485190491056  0.10485190491056  0.02005902609824  -0.00246448701686  -0.00246448699413  0.01547313604912  -0.10905206370308  -0.10905206370308  -0.30758469822141  0.07515043334465  0.07515043302207  0.10082341450872  0.06261521779641  0.06261521776188  -0.05075186587390  -0.00658695497639  -0.00658695497185  -0.06024274373856  0.00190537356437  0.00190537356210  0.03107883208570  -0.03873141404179  -0.03873141423680  -0.12454132707405
-0.05111684666249  -0.10712029557390  0.07745737534567  -0.02126303036238  -0.00863865151466  0.00949899939736  -0.09200070981672  0.12300964662757  0.09559824882038  0.06160085893109  0.46603883990762  -0.04051620097600  0.02694783841056  0.01413011635572  -0.26565544383798  0.12097983527977  -0.11866872689018  0.00688440758504  -0.05081254729523  0.17496561605499  0.09429963207727  -0.02708736381452  -0.14946167241129  0.00000000000000  0.02621862083468  0.02621862115499  0.08247141244457  -0.06779147028050  -0.06779147028277  0.03928232763827  -0.04240640416349  -0.04240640448607  -0.01082324789663  0.02940257306745  0.02940257261584  -0.03463353983284  0.01893690793240  0.01893690796466  0.16752478653944  -0.02746839163416  -0.02746839163416  0.11076728478666  -0.06939664552449  -0.06939664553739  0.00297130936202  0.02101149228299  0.02101149156378  0.22317946796041
0.09563708691998  0.10739438375902  0.00557541308548  -0.17482985112223  -0.05207069693328  0.14214167798240  -0.46925364557918  0.20817733528050  -0.06948908429589  -0.06137522553959  -0.00451854832331  0.04137822165227  0.07977600564516  -0.10050139175403  0.13533793709824  -0.19403263859296  0.08559548903842  -0.09686054091906  0.01232874970268  -0.17296853702713  -0.12759337110264  -0.01119875860484  0.10485190491056  0.02621862083468  0.00000000000000  -0.23034424134824  -0.23034424138050  -0.39841502794941  -0.29954771206488  -0.29954771206488  -0.14073883153043  -0.28777576752278  -0.28777576750051  -0.30894898608380  -0.16662558716349  -0.16662558806818  -0.09695583667815  -0.06856894659164  -0.06856894626906  -0.08711492789076  -0.09968149285191  -0.09968149285191  -0.34977678024633  -0.04648266350293  -0.04648266317082  -0.21389044787830  -0.01291865455337  -0.01291865481063
0.01136152042815  0.10739438375220  0.00557541298871  -0.07911591558724  -0.05207069702859  0.14214167798240  0.01377783279751  0.20817733495792  -0.06948908452434  0.04876414709164  -0.00451854832331  0.04137822165455  0.09575004394238  -0.10050139171305  0.13533793709824  0.06616468012830  0.08559548900616  -0.09686054097067  -0.10652077442742  -0.17296853734743  -0.12759337126540  0.02173810814142  0.10485190491056  0.02621862115499  -0.23034424134824  0.00000000000000  0.13132732146503  -0.01884734307603  -0.01884734305557  0.18732480594875  -0.08298264690630  -0.08298264709663  0.00031889634883  -0.02733509250396  -0.02733509272478  -0.14014837030455  -0.02166981100073  -0.02166981100073  0.05405921920968  -0.11492747968688  -0.11492747968688  0.07826401109318  0.05727460295601  0.05727460321554  0.10642757546334  -0.02508377306760  -0.02508377306532  -0.02877348856906
0.01136152045088  0.18347544178578  0.12069419946144  -0.07911591563270  0.05885764585850  0.07861842090103  0.01377783280073  0.25372199235440  0.08888410583196  0.04876414729619  0.04707626065029  0.07201644093820  0.09575004383754  -0.07944987430704  -0.27538276581378  0.06616468005425  0.01501110548710  0.08787311811026  -0.10652077443372  0.10499918076107  0.04736365098240  0.02173810813688  0.02005902609824  0.08247141244457  -0.23034424138050  0.13132732146503  0.00000000000000  0.00210831413732  0.00210831445762  0.12640899600315  0.00283996801276  0.00283996773196  0.04274839165850  0.03648729960960  0.03648729989993  0.09372371365872  -0.01645674011965  -0.01645674011965  0.00756420181173  0.11889848531041  0.11889848486026  0.25351052805103  0.08481592548798  0.08481592519765  0.02494789989326  0.12643510352221  0.12643510378028  -0.15429842794743
0.03141317974861  0.17063226992390  0.06185566615543  -0.12887350308138  -0.00143742381320  0.17628166781569  0.04171662068974  0.21846445716935  -0.04962710593452  -0.05234851333138  0.07191274936364  0.09034963415621  -0.17383086816452  -0.04035033014348  0.08242390807111  -0.04285156320455  -0.01683477214553  -0.05468628975117  -0.10728721588680  -0.04649904775455  -0.12318817102419  0.07092393519626  -0.00246448701686  -0.06779147028050  -0.39841502794941  -0.01884734307603  0.00210831413732  0.00000000000000  0.05377037477999  0.05377037490755  0.06831448360198  0.05257841671921  0.05257841668695  0.02538605916202  0.10050664749267  0.10050664749267  -0.10748209820528  0.10246629100440  0.10246629103666  -0.14715773951173  -0.05550929901356  -0.05550929904582  -0.41761685315433  0.10368008700450  0.10368008700150  -0.04774818507787  0.05448383736151  0.05448383736378
-0.02542554920161  0.17063226969663  0.06185566586364  0.00000037622009  -0.00143742349062  0.17628166756569  0.01782595163941  0.21846445693255  -0.04962710658078  0.09006217474707  0.07191274904106  0.09034963433320  0.05066921500612  -0.04035033014120  0.08242390807111  0.07940778152881  -0.01683477207148  -0.05468629006100  -0.08064809846606  -0.04649904798182  -0.12318817102419  -0.04353160544765  -0.00246448699413  -0.06779147028277  -0.29954771206488  -0.01884734305557  0.00210831445762  0.05377037477999  0.00000000000000  -0.13162842116386  -0.00395040172104  -0.00395040171554  -0.03229007753886  0.03536238976048  0.03536238976048  -0.00006825213864  0.01376971646921  0.01376971672874  -0.26683146385630  0.02896230336921  0.02896230370359  -0.18800726766151  -0.12884642864773  -0.12884642871364  -0.00628350049883  -0.03112841479296  -0.03112841511650  0.03167314101107
-0.02542554884677  0.15587488553754  0.06420418527566  0.00000037622009  -0.08126193262698  -0.01762700019384  0.01782595167135  -0.26567385289589  0.02938882541135  0.09006217497434  -0.35558426077713  -0.01213374278830  0.05066921505281  0.04181246797463  -0.18361927040249  0.07940778182962  -0.10745235280535  -0.05864361626862  -0.08064809849831  0.07995280302141  0.03595362163563  -0.04353160512507  0.01547313604912  0.03928232763827  -0.29954771206488  0.18732480594875  0.12640899600315  0.05377037490755  -0.13162842116386  0.00000000000000  -0.01807129279626  -0.01807129312111  -0.00153387828306  0.07357185565655  0.07357185565606  0.04265122052909  -0.01012097293460  -0.01012097259912  0.08758234225748  -0.03025103460117  -0.03025103460117  -0.15877050938710  -0.05987686369685  -0.05987686371848  0.04349483120257  -0.05776962203959  -0.05776962203959  -0.14333857288563
0.02002202200139  0.08719421558402  -0.01744247128292  -0.13566350648453  0.00988800059824  0.12667060895853  0.03148950832284  0.07196483822067  -0.02331806714142  -0.00643730861950  0.03099325563908  0.02674171318908  0.11095074213605  -0.03183978171004  0.19516724071554  -0.01916792598541  -0.02662262576804  0.13773305638563  0.02798530451048  -0.14533941811342  -0.05693072501422  0.01291776440953  -0.10905206370308  -0.04240640416349  -0.14073883153043  -0.08298264690630  0.00283996801276  0.06831448360198  -0.00395040172104  -0.01807129279626  0.00000000000000  -0.17760541665103  -0.17760541665103  -0.06396236612317  -0.17277318816862  -0.17277318784604  -0.08709470930499  -0.05821834890997  -0.05821834913952  -0.05589380484076  0.03877123079267  0.03877123079267  -0.09471337299765  -0.05207854016862  -0.05207853971408  -0.24207771869501  -0.04596644113453  -0.04596644014633
-0.00500474012192  0.08719421502463  -0.01744247125389  -0.12541649484310  0.00988800082551  0.12667060896015  0.09058818491862  0.07196483819113  -0.02331806679076  -0.05514864244428  0.03099325566906  0.02674171286745  0.00658465028534  -0.03183978167456  0.19516724074780  -0.00027184327500  -0.02662262593387  0.13773305638563  -0.02624582790982  -0.14533941834069  -0.05693072501422  0.09081864676979  -0.10905206370308  -0.04240640448607  -0.28777576752278  -0.08298264709663  0.00283996773196  0.05257841671921  -0.00395040171554  -0.01807129312111  -0.17760541665103  0.00000000000000  -0.19440822764773  0.08701534866789  0.08701534870015  0.26938400369135  -0.00888524147221  -0.00888524115191  0.01160271988768  -0.09918538181972  -0.09918538181972  0.06094535812456  -0.03587593568710  -0.03587593568710  -0.16065382041290  -0.06581004637449  -0.06581004670595  0.16828604578842
-0.00500473989692  -0.02525372654839  0.17676795286679  -0.12541649461606  0.08496198028299  0.11074915424249  0.09058818495088  0.03891128340227  -0.05863155586642  -0.05514864251833  -0.11288688131026  -0.16594954356393  0.00658465028695  -0.07021308798922  0.03450186815469  -0.00027184328805  -0.04771588927610  0.23348160308651  -0.02624582789032  -0.10800207801430  -0.08654377746378  0.09081864534751  -0.30758469822141  -0.01082324789663  -0.28777576750051  0.00031889634883  0.04274839165850  0.05257841668695  -0.03229007753886  -0.00153387828306  -0.17760541665103  -0.19440822764773  0.00000000000000  -0.02247620050547  -0.02247620050433  0.06169439638546  0.14122098807317  0.14122098807317  0.15784742180953  0.11966416193506  0.11966416209833  0.05759684536078  -0.03128576540990  -0.03128576540990  0.04358009698013  -0.02948887272434  -0.02948887289194  -0.00451753774619
0.09719058944523  0.16624384275029  0.09621558615777  -0.08836669514922  0.03318556563416  -0.06332439865139  -0.00488184642830  0.09521854937830  -0.06605535619208  -0.01616996881232  0.19935177379795  0.01630460342214  -0.00069686985343  0.07861337565073  0.15561476529692  0.07047229583512  0.08685066378849  0.17612396249194  0.21909713757595  -0.12652715332551  -0.10687542724927  0.12631547630499  0.07515043334465  0.02940257306745  -0.30894898608380  -0.02733509250396  0.03648729960960  0.02538605916202  0.03536238976048  0.07357185565655  -0.06396236612317  0.08701534866789  -0.02247620050547  0.00000000000000  0.05126477344765  0.05126477341217  0.17021980951481  -0.03696176858504  -0.03696176830792  0.17679860857185  0.09424344559824  0.09424344495308  0.21423394215103  0.06299216193988  0.06299216187683  0.21741810433871  0.07537122358152  0.07537122422669
-0.01971781713930  0.16624384314091  0.09621558583519  0.04836505092547  0.03318556563416  -0.06332439871591  0.00346838782023  0.09521854915103  -0.06605535619208  -0.02053503735938  0.19935177379795  0.01630460373922  0.06466964564736  0.07861337561848  0.15561476529692  0.01518921776782  0.08685066346409  0.17612396246921  -0.07614286807852  -0.12652715335777  -0.10687542759457  0.09016757045315  0.07515043302207  0.02940257261584  -0.16662558716349  -0.02733509272478  0.03648729989993  0.10050664749267  0.03536238976048  0.07357185565606  -0.17277318816862  0.08701534870015  -0.02247620050433  0.05126477344765  0.00000000000000  -0.25479440771935  0.07440997913667  0.07440997916957  0.14470011492292  0.13984766600132  0.13984766600132  0.02330667859985  0.02293228113871  0.02293228114098  -0.07345210139567  -0.00325693450073  -0.00325693417815  -0.52792928661217
-0.01971781768915  -0.01397390529985  0.04840489106804  0.04836505092456  -0.24486747636437  0.00031733707075  0.00346838782346  -0.14613386524194  -0.04735705101760  -0.02053503675968  0.00517088090000  0.01564685335359  0.06466964530205  -0.12475896178475  0.16883238039076  0.01518921829114  0.00478533178510  -0.17560020277199  -0.07614286843108  -0.12133750051026  0.12006216510557  0.09016757017573  0.10082341450872  -0.03463353983284  -0.16662558806818  -0.14014837030455  0.09372371365872  0.10050664749267  -0.00006825213864  0.04265122052909  -0.17277318784604  0.26938400369135  0.06169439638546  0.05126477341217  -0.25479440771935  0.00000000000000  0.03925270117742  0.03925270117742  -0.04662936859384  0.06334468677925  0.06334468678021  -0.01319630669370  -0.03003348170235  -0.03003348167962  -0.05563433015029  0.04129701239326  0.04129701239326  0.01048348280821
0.04571788497067  0.05781266424340  0.19334020281525  0.20910206503484  -0.02602574205352  -0.01776618225938  -0.04113529594370  0.01233761379179  -0.01167065674267  -0.13449512692251  0.17357688291642  0.08564164289368  0.01336802063490  -0.00712020691642  0.25434452247302  -0.05095010481051  0.07871261363959  0.14162031508358  0.22268190215169  -0.11369221419355  -0.06222039069355  -0.02864763382705  0.06261521779641  0.01893690793240  -0.09695583667815  -0.02166981100073  -0.01645674011965  -0.10748209820528  0.01376971646921  -0.01012097293460  -0.08709470930499  -0.00888524147221  0.14122098807317  0.17021980951481  0.07440997913667  0.03925270117742  0.00000000000000  0.04728986946261  0.04728986949487  -0.02225166412390  -0.01764014727038  -0.01764014729311  0.01041689710352  -0.13574463410396  -0.13574463412441  -0.09634082897221  -0.15048044399567  -0.15048044354113
-0.04083463245865  0.05781266424340  0.19334020281525  0.05790677216257  -0.02602574269868  -0.01776618193680  0.04618222015249  0.01233761367375  -0.01167065609751  -0.04274665953079  0.17357688291642  0.08564164286949  0.10472664525367  -0.00712020691642  0.25434452215044  0.10929838531664  0.07871261406305  0.14162031488856  -0.10686115320396  -0.11369221386870  -0.06222039088856  0.09487808510337  0.06261521776188  0.01893690796466  -0.06856894659164  -0.02166981100073  -0.01645674011965  0.10246629100440  0.01376971672874  -0.01012097259912  -0.05821834890997  -0.00888524115191  0.14122098807317  -0.03696176858504  0.07440997916957  0.03925270117742  0.04728986946261  0.00000000000000  0.09327138862947  -0.06076870753372  -0.06076870756598  -0.07358132544135  0.04986117659677  0.04986117659677  0.20110567648974  -0.11645115632009  -0.11645115632009  -0.02734450149589
-0.04083463250733  0.06186153309531  0.08120364628299  0.05790677238866  -0.22189213939956  0.12546353825938  0.04618222015249  0.06246259356085  -0.01628207881305  -0.04274665953079  0.01844611035044  0.09377597624831  0.10472664514223  0.05679349315982  -0.10711936380213  0.10929838531437  -0.07352153513592  0.00967240149413  -0.10686115320396  -0.08737678526525  0.07412256178592  0.09487808519868  -0.05075186587390  0.16752478653944  -0.06856894626906  0.05405921920968  0.00756420181173  0.10246629103666  -0.26683146385630  0.08758234225748  -0.05821834913952  0.01160271988768  0.15784742180953  -0.03696176830792  0.14470011492292  -0.04662936859384  0.04728986949487  0.09327138862947  0.00000000000000  -0.02388422927397  -0.02388422926943  0.09794842489113  -0.00533306849853  -0.00533306859677  0.20743457526540  -0.14093383196012  -0.14093383196466  -0.11537560810689
-0.03613609592412  0.05208940111144  0.09635044055205  0.25266889789345  0.06633761436217  -0.06996074473680  0.06132175751026  0.03638857936855  0.06941011549120  -0.34177279536657  0.27340981890689  0.03334401160440  0.00952576913438  -0.01537089680132  0.06892631735276  0.17808818042287  0.04778847263638  0.05907639676906  0.17574744042735  -0.05857578944692  0.16122649095528  -0.04166599846701  -0.00658695497639  -0.02746839163416  -0.08711492789076  -0.11492747968688  0.11889848531041  -0.14715773951173  0.02896230336921  -0.03025103460117  -0.05589380484076  -0.09918538181972  0.11966416193506  0.17679860857185  0.13984766600132  0.06334468677925  -0.02225166412390  -0.06076870753372  -0.02388422927397  0.00000000000000  -0.13627000250220  -0.13627000243541  -0.19424367289978  -0.11167722778218  -0.11167722722779  -0.26254585464905  -0.16753279382801  -0.16753279355704
-0.07574858974135  0.05208940111144  0.09635044020125  0.01146300171848  0.06633761455572  -0.06996074505616  -0.04302747405345  0.03638857884949  0.06941011551393  -0.02905202548680  0.27340981919721  0.03334401182845  0.02122079209018  -0.01537089677859  0.06892631755924  -0.02561581276510  0.04778847295009  0.05907639676906  0.05755574486865  -0.05857578944369  0.16122649115029  0.03606468775733  -0.00658695497185  -0.02746839163416  -0.09968149285191  -0.11492747968688  0.11889848486026  -0.05550929901356  0.02896230370359  -0.03025103460117  0.03877123079267  -0.09918538181972  0.11966416209833  0.09424344559824  0.13984766600132  0.06334468678021  -0.01764014727038  -0.06076870756598  -0.02388422926943  -0.13627000250220  0.00000000000000  0.06939209961745  -0.05695850142522  -0.05695850142522  -0.39160898126100  0.03790835197865  0.03790835196009  -0.30849981386713
-0.07574859000315  0.03655727850440  0.07876637883534  0.01146300171848  -0.04535702174780  -0.08740829215235  -0.04302747400411  0.02568165129523  -0.22361618272947  -0.02905202580938  0.04402087906232  0.06383138007918  0.02122079209971  0.05456802246994  0.04568608901994  -0.02561581241026  0.08055894472946  -0.06696396639809  0.05755574486897  -0.11219359549589  0.10126973395015  0.03606468792044  -0.06024274373856  0.11076728478666  -0.09968149285191  0.07826401109318  0.25351052805103  -0.05550929904582  -0.18800726766151  -0.15877050938710  0.03877123079267  0.06094535812456  0.05759684536078  0.09424344495308  0.02330667859985  -0.01319630669370  -0.01764014729311  -0.07358132544135  0.09794842489113  -0.13627000243541  0.06939209961745  0.00000000000000  -0.12945093991569  -0.12945093991569  -0.07149957649047  0.00428374835191  0.00428374854692  0.13247219962023
0.04461758647082  0.06337109194795  -0.00731565881136  0.02799227425293  -0.04634532906957  0.02857264344340  -0.08497708584699  0.02373404660601  -0.03430232872427  0.00299527714956  0.16897928493211  0.13369761002625  0.15742401833578  -0.02545612976173  0.13922455722449  0.10322087926041  0.04035012643798  -0.05593912497067  0.05127664864674  -0.07826600203284  0.03220705087977  0.06556107840400  0.00190537356437  -0.06939664552449  -0.34977678024633  0.05727460295601  0.08481592548798  -0.41761685315433  -0.12884642864773  -0.05987686369685  -0.09471337299765  -0.03587593568710  -0.03128576540990  0.21423394215103  0.02293228113871  -0.03003348170235  0.01041689710352  0.04986117659677  -0.00533306849853  -0.19424367289978  -0.05695850142522  -0.12945093991569  0.00000000000000  0.03086879676616  0.03086879676158  0.00953401620074  -0.13526154495220  -0.13526154530704
0.02596563695968  0.06337109194795  -0.00731565933944  -0.02103044853717  -0.04634532872427  0.02857264342823  0.02855702597654  0.02373404660601  -0.03430232836488  0.05583563263950  0.16897928525792  0.13369761034883  0.01266900879985  -0.02545612972947  0.13922455769179  -0.04410032080572  0.04035012676378  -0.05593912464809  -0.19020003110117  -0.07826600200059  0.03220705093475  0.10220969764457  0.00190537356210  -0.06939664553739  -0.04648266350293  0.05727460321554  0.08481592519765  0.10368008700450  -0.12884642871364  -0.05987686371848  -0.05207854016862  -0.03587593568710  -0.03128576540990  0.06299216193988  0.02293228114098  -0.03003348167962  -0.13574463410396  0.04986117659677  -0.00533306859677  -0.11167722778218  -0.05695850142522  -0.12945093991569  0.03086879676616  0.00000000000000  0.01088727020381  0.01774697741510  0.01774697742478  -0.12948166837317
0.02596563693695  0.03257749470748  -0.02611456212522  -0.02103044853167  -0.03670642534091  -0.01721294429582  0.02855702620381  0.05095725346935  -0.04293803780227  0.05583563264015  0.17531733813680  -0.15035343980132  0.01266900897067  -0.06129343191642  0.03623019348446  -0.04410032080572  0.10139285207265  -0.08831297040469  -0.19020003110117  -0.14578091318827  0.02171999269062  0.10220969791400  0.03107883208570  0.00297130936202  -0.04648266317082  0.10642757546334  0.02494789989326  0.10368008700150  -0.00628350049883  0.04349483120257  -0.05207853971408  -0.16065382041290  0.04358009698013  0.06299216187683  -0.07345210139567  -0.05563433015029  -0.13574463412441  0.20110567648974  0.20743457526540  -0.11167722722779  -0.39160898126100  -0.07149957649047  0.03086879676158  0.01088727020381  0.00000000000000  -0.08589557587328  -0.08589557560545  -0.07651973825350
