0.00000000000000  0.07300997769795  0.07300997792522  -0.12906768793255  0.21797460792082  0.21797460792082  -0.11215017110997  0.14497530597727  0.14497530565469  -0.17974819767669  0.39586214147214  0.39586214114956  -0.13096952220088  -0.38910212202126  -0.38910211944223  0.11780804008035  -0.23683765345447  -0.23683765254978  0.14888956949113  -0.41569937594941  -0.41569937560411  -0.17104242626393  -0.16241474272375  -0.16241474273651  0.20439152748314  -0.08437578232771  -0.08437578265982  -0.22676361046701  -0.15035050860183  -0.15035050859729  -0.06198257762199  0.06084004582845  0.06084004617375  0.11409576054106  0.20892053222141  0.20892053222141  -0.16546504251320  0.06671580193328  0.06671580158798  -0.74066907027346  -0.16456879272947  -0.16456879311804  0.17993637698314  0.09765643554337  0.09765643586641  0.26630810416459  0.22278540668768  0.22278540668768
0.07300997769795  0.00000000000000  -0.23221868395308  -0.01704640788343  -0.01704640793842  -0.36471282165176  0.02938064083911  0.02938064158094  -0.05709969408601  -0.08618838617229  -0.08618838617229  0.26667809278299  -0.08269064822617  -0.08269064847390  -0.05093255022881  -0.12706041517551  -0.12706041494824  -0.03188043087346  -0.23034329586884  -0.23034329553218  0.04765502252661  -0.02758519412559  -0.02758519390477  -0.45596938996415  -0.42047537858460  -0.42047537825880  0.04723201532067  -0.02071291566935  -0.02071291546481  -0.01263728297141  -0.21806186793504  -0.21806186791686  -0.12804279333072  -0.23807933453094  -0.23807933398255  -0.06588017059619  -0.21384473485704  -0.21384473499454  -0.11390540610501  -0.30792266758504  -0.30792266726246  0.02367786560411  -0.14932685135850  -0.14932685135850  0.00650057163416  -0.29401337467742  -0.29401337445015  -0.09099631006305
0.07300997792522  -0.23221868395308  0.00000000000000  0.04801082729751  0.04801082704575  -0.53486034941635  -0.27411256519355  -0.27411256420308  -0.36550467693622  -0.16851212710997  -0.16851212678739  -0.31902590454692  -0.23459958509479  -0.23459958388592  -0.19271104306048  0.02827321843622  0.02827321790909  0.06920946671041  -0.11474438939956  -0.11474438981745  0.34396730179692  -0.04981092619648  -0.04981092651906  0.12685342703226  -0.13395435613636  -0.13395435539589  -0.33198297234751  0.06340925077375  0.06340925138666  -0.02949768702808  -0.12163281361217  -0.12163281290103  -0.01939170896114  0.01172004394428  0.01172004339443  -0.02590926015176  -0.12173815830000  -0.12173815959032  -0.15260151962199  0.01729285148314  0.01729285175880  0.02900339881085  -0.32934228244883  -0.32934228537977  0.12421872811063  0.00411185307771  0.00411185259238  0.20393532869428
-0.12906768793255  -0.01704640788343  0.04801082729751  0.00000000000000  -0.31818730885557  -0.31818730851026  0.23643201164516  0.53999049597141  0.53999049576686  -0.22799803625733  0.30540124743812  0.30540124741217  -0.43971462248783  0.63563538702449  0.63563538707537  0.34610180217317  -0.27136094650953  -0.27136094672727  -0.07482039986364  -0.19084034991613  -0.19084034991935  0.00447956762287  -0.14980080634164  -0.14980080611437  -0.32490770558138  -0.22983733565909  -0.22983733592815  -0.03419051114736  -0.03380336268842  -0.03380336281598  -0.10288915935704  -0.09247559054626  -0.09247559050982  -0.03027634159047  0.10399436496408  0.10399436497361  0.41547509296628  0.40922211599185  0.40922211566790  0.07524944225883  0.17730650928446  0.17730650905718  -0.31866460386070  0.04447939965323  0.04447939936290  0.05497360869282  0.23622985168402  0.23622985103886
0.21797460792082  -0.01704640793842  0.04801082704575  -0.31818730885557  0.00000000000000  -0.02354909182405  0.31634651786906  0.31634651777053  0.17223522035264  0.13635282313109  0.13635282313336  0.24417648640088  0.19368531321334  0.19368531344062  0.24984783682625  0.20108906849487  0.20108906817229  0.34073579715396  0.07922156994941  0.07922156672522  -0.05477841353267  0.07760336357478  0.07760336357478  -0.02978917841349  -0.08731232499963  -0.08731232499963  -0.30291757990066  0.01597307464839  0.01597307483211  -0.19293311976217  -0.32294191958780  -0.32294191955845  -0.20949397826167  0.01802152817742  0.01802152785484  -0.21963733346188  -0.13932657878446  -0.13932657878446  -0.11387696717449  -0.20073960182111  -0.20073960117595  -0.10938860669135  -0.06313705095455  -0.06313705124487  0.17220700232405  -0.23217293969575  -0.23217293967302  0.07290182022361
0.21797460792082  -0.36471282165176  -0.53486034941635  -0.31818730851026  -0.02354909182405  0.00000000000000  0.05249381873460  0.05249381905718  0.03087766754839  -0.20821993404765  -0.20821993404765  0.11555842611730  0.37161899478152  0.37161899478152  0.09448752064956  -0.06378112981760  -0.06378112658534  -0.04732152779311  0.20490924787757  0.20490924755499  -0.03046558803299  -0.07098863802845  -0.07098863686796  0.15891243286503  0.18166893258211  0.18166893232258  0.25186244118035  0.17070933634516  0.17070933541129  0.23281444005748  -0.06530200132551  -0.06530200102566  0.11486721546848  -0.03609057090757  -0.03609057002254  -0.20167020640589  0.03214304251378  0.03214304263556  0.13779165336503  -0.06663834480499  -0.06663834510484  0.15139402845308  0.03593015742009  0.03593015650733  0.25470247173827  -0.06846039278592  -0.06846039407625  0.14940138873900
-0.11215017110997  0.02938064083911  -0.27411256519355  0.23643201164516  0.31634651786906  0.05249381873460  0.00000000000000  -0.00965053908211  -0.00965053849194  -0.01217526404179  -0.15165814646657  -0.15165814685982  0.07103300551122  0.02021570621261  0.02021570598827  -0.15133870841584  -0.17671659536144  -0.17671659566129  0.05514165595894  -0.20273656479985  -0.20273656281745  -0.06147660266349  0.07816003216422  0.07816003248680  -0.39059305958065  -0.18898121805249  -0.18898121837412  0.15734000790572  -0.17282714386613  -0.17282714383387  0.17723483466466  -0.24365927748644  -0.24365927751870  0.28484568307581  -0.16992465650865  -0.16992465653783  0.02355677479062  0.04929646800850  0.04929646804076  0.17541581497830  0.00959413977581  0.00959413974985  0.17193090853284  -0.01846247398666  -0.01846247398666  0.59656573037111  0.27653171381598  0.27653171381598
0.14497530597727  0.02938064158094  -0.27411256420308  0.53999049597141  0.31634651777053  0.05249381905718  -0.00965053908211  0.00000000000000  0.24445465990543  0.06874158694428  0.06874158691202  -0.25515475697654  -0.05659410759531  -0.05659410736804  0.25777248489736  0.22396975255696  0.22396975213534  0.08210904311818  0.03596989604106  0.03596989636364  -0.05279028010264  0.13973915564142  0.13973915564238  0.13289654300521  0.05847398532258  0.05847398554985  0.12713227189883  0.15097227707701  0.15097227739862  0.09681586593408  -0.02008091911144  -0.02008091940176  0.28641771956891  -0.23700498308021  -0.23700498309311  -0.22012246310455  -0.22807944298218  -0.22807944298218  0.09820955606474  0.00239518442375  0.00239518377859  0.02840650071408  -0.29926569128827  -0.29926569096246  0.19512635758768  0.00359192008138  0.00359192004912  0.16264928871921
0.14497530565469  -0.05709969408601  -0.36550467693622  0.53999049576686  0.17223522035264  0.03087766754839  -0.00965053849194  0.24445465990543  0.00000000000000  0.10199284070088  0.10199284063314  -0.28942655661496  -0.12334058230000  -0.12334058326774  -0.07502228210469  0.03682590225513  0.03682590260997  0.42160041103372  -0.06860606800447  -0.06860606797947  0.01415129149523  -0.00067518807331  -0.00067518830059  0.11586435930059  -0.14164378949443  -0.14164378944897  -0.07869980061041  0.34536800194575  0.34536800194575  -0.02218726151173  -0.01217867833021  -0.01217867833021  -0.27126007908974  0.20201908044721  0.20201908074707  0.22292372735337  0.01769182586488  0.01769182504032  -0.17058717466173  0.08423496430352  0.08423496414223  -0.37380073792742  -0.19614722181965  -0.19614722139663  0.01007029525953  -0.11014666714223  -0.11014666649707  0.01321292066129
-0.17974819767669  -0.08618838617229  -0.16851212710997  -0.22799803625733  0.13635282313109  -0.20821993404765  -0.01217526404179  0.06874158694428  0.10199284070088  0.00000000000000  -0.10523667624003  -0.10523667682749  -0.09555425379216  0.05123898337368  0.05123898306928  0.03619238264054  -0.20002067264971  -0.20002067370396  0.06177701522221  0.02599142586070  0.02599142589150  0.12351956318988  -0.12406493913490  -0.12406493871378  0.11753829351173  -0.11798312604443  -0.11798312581503  0.01183162753842  -0.19323530849194  -0.19323530783358  0.11940108163416  -0.16739787739821  -0.16739787727158  -0.10943936307240  -0.29619630900000  -0.29619630652419  -0.27058020147141  -0.09198606340323  -0.09198606372581  -0.19869698015982  -0.22896539066935  -0.22896539102419  0.05731738209018  -0.29161653618915  -0.29161653651173  -0.07392064773387  -0.35473197184824  -0.35473197197581
0.39586214147214  -0.08618838617229  -0.16851212678739  0.30540124743812  0.13635282313336  -0.20821993404765  -0.15165814646657  0.06874158691202  0.10199284063314  -0.10523667624003  0.00000000000000  0.19930011483065  -0.30388736163123  -0.30388736156818  0.12225360215029  -0.02069823144135  -0.02069823144135  0.28654408286217  -0.08710458900806  -0.08710458908292  -0.02635754573182  -0.19797055523900  -0.19797055520674  0.43886841398974  -0.10261448435044  -0.10261448437317  -0.23338681431525  -0.09407879125660  -0.09407879125660  -0.74299138105132  -0.17622734276760  -0.17622734309018  0.02788947578812  0.03882343113710  0.03882343406305  0.01962982418548  0.05481969840029  0.05481969927273  -0.07275771184164  0.15922845267864  0.15922845591126  -0.03328198156352  -0.09784847143402  -0.09784847166129  -0.15604955555205  0.23312792261584  0.23312792321554  -0.13924956761657
0.39586214114956  0.26667809278299  -0.31902590454692  0.30540124741217  0.24417648640088  0.11555842611730  -0.15165814685982  -0.25515475697654  -0.28942655661496  -0.10523667682749  0.19930011483065  0.00000000000000  0.02512530946855  0.02512530914369  0.33951466357918  -0.37078599230279  -0.37078599287537  -0.19564962725513  -0.23402695570235  -0.23402695563783  -0.04610578048240  0.10635768505059  0.10635768417815  0.10091501370894  -0.45750039014663  -0.45750039021114  -0.13852354001613  -0.18859246003372  -0.18859245967889  0.10655593499633  -0.02488794422353  -0.02488794422126  -0.09722020843321  -0.19369253678592  -0.19369253765836  0.05711859661144  0.10087276874402  0.10087276869771  0.06329634636683  -0.06554361172507  -0.06554361170235  0.13520610271628  0.05680561477639  0.05680561445381  -0.10391677174919  -0.01751865893043  -0.01751865955513  -0.13255781028512
-0.13096952220088  -0.08269064822617  -0.23459958509479  -0.43971462248783  0.19368531321334  0.37161899478152  0.07103300551122  -0.05659410759531  -0.12334058230000  -0.09555425379216  -0.30388736163123  0.02512530946855  0.00000000000000  0.16481368720455  0.16481368700000  0.16856792366789  -0.06756782612610  -0.06756782642595  -0.49879338715836  0.18253573843343  0.18253573787616  -0.07823933683965  0.10187243804179  0.10187243672874  -0.23580131623900  0.01691208508578  0.01691208495821  -0.50885988840982  -0.01724139442962  -0.01724139296188  -0.19653830306818  0.05272358448534  0.05272358175806  -0.18474684753006  -0.13633876444795  -0.13633876602537  -0.06675185357405  0.22707466581012  0.22707466544208  0.08913443999047  -0.08842320408358  -0.08842320113490  0.23400729196701  -0.08038712483284  -0.08038712419721  0.19059486242962  -0.29089004063123  -0.29089004027786
-0.38910212202126  -0.08269064847390  -0.23459958388592  0.63563538702449  0.19368531344062  0.37161899478152  0.02021570621261  -0.05659410736804  -0.12334058326774  0.05123898337368  -0.30388736156818  0.02512530914369  0.16481368720455  0.00000000000000  -0.13635966684824  -0.16399370552713  -0.16399370542302  -0.01777923529545  -0.40717904549633  -0.40717904482845  -0.19545687735924  -0.20947362812830  -0.20947362840909  0.09392074176540  -0.24501836894262  -0.24501836898139  0.06426037492478  -0.19261818729559  -0.19261818667917  -0.12778620333020  -0.19784326731965  -0.19784326718768  -0.02984698073021  -0.27138512690176  -0.27138512683724  -0.15359457934897  -0.21256452863930  -0.21256452912610  -0.18021447487390  0.06072487537903  0.06072487544355  0.10642112606818  0.01624560148211  0.01624560153372  0.02376475732903  -0.04904522796188  -0.04904522796188  -0.12130569829106
-0.38910211944223  -0.05093255022881  -0.19271104306048  0.63563538707537  0.24984783682625  0.09448752064956  0.02021570598827  0.25777248489736  -0.07502228210469  0.05123898306928  0.12225360215029  0.33951466357918  0.16481368700000  -0.13635966684824  0.00000000000000  0.07594936375660  0.07594936352933  -0.72317697919941  -0.04176891390579  -0.04176891367852  0.06092962761195  -0.18878672795821  -0.18878672850806  -0.26134906328079  0.05813262482067  0.05813262524377  -0.09372372855968  0.17735975005059  0.17735975101833  -0.08359750524267  0.24250385903372  0.24250385864369  0.26245416189809  -0.09434858965103  -0.09434858911217  0.11831508143548  0.23073028674267  0.23073028734238  0.32482693739150  0.03690994345455  0.03690994318695  -0.14083300919428  -0.12231697990469  -0.12231697990469  0.13730414661584  -0.19260193114897  -0.19260193115579  -0.52949270893944
0.11780804008035  -0.12706041517551  0.02827321843622  0.34610180217317  0.20108906849487  -0.06378112981760  -0.15133870841584  0.22396975255696  0.03682590225513  0.03619238264054  -0.02069823144135  -0.37078599230279  0.16856792366789  -0.16399370552713  0.07594936375660  0.00000000000000  -0.07601636003592  -0.07601636090836  -0.07489804885411  -0.31768007189545  -0.31768007189545  0.01497332021540  0.03460436212783  0.03460436246751  -0.03726376382194  0.11006072419355  0.11006072422581  -0.04216793344575  -0.11197593399260  -0.11197593441371  -0.01336393605249  0.15811050105667  0.15811050137698  0.40172921957317  -0.01409075837243  -0.01409075801760  0.03712987245865  0.10580782586364  0.10580782563636  0.38633166730352  -0.04023834923834  -0.04023834926107  -0.13683578014157  0.18895509018108  0.18895508724560  0.21023033756818  -0.00414503823607  -0.00414503829106
-0.23683765345447  -0.12706041494824  0.02827321790909  -0.27136094650953  0.20108906817229  -0.06378112658534  -0.17671659536144  0.22396975213534  0.03682590260997  -0.20002067264971  -0.02069823144135  -0.37078599287537  -0.06756782612610  -0.16399370542302  0.07594936352933  -0.07601636003592  0.00000000000000  -0.04501151681305  0.15865503699604  0.15865503641540  0.04718892422397  0.19482113493182  0.19482113357331  -0.09425930061804  0.04566991501026  0.04566991556012  0.19107779248900  -0.07618179703616  -0.07618179634748  0.26830617477279  -0.07832416577097  -0.07832416577097  -0.05195089419648  -0.08757718905352  -0.08757719002126  -0.09451701775147  0.09171659637859  0.09171659571408  0.09940157184047  -0.13630738063050  -0.13630738090762  0.00515205135191  0.01099787651188  0.01099787715704  0.16486232066496  -0.15845337742815  -0.15845337701026  -0.04836765739883
-0.23683765254978  -0.03188043087346  0.06920946671041  -0.27136094672727  0.34073579715396  -0.04732152779311  -0.17671659566129  0.08210904311818  0.42160041103372  -0.20002067370396  0.28654408286217  -0.19564962725513  -0.06756782642595  -0.01777923529545  -0.72317697919941  -0.07601636090836  -0.04501151681305  0.00000000000000  -0.16703922551664  -0.16703922807507  0.02271457827581  -0.33626108065249  -0.33626107966202  0.07701372339443  -0.26419493403978  -0.26419493337715  -0.07887596084537  -0.15833187288710  -0.15833187323240  0.06531564926246  0.08550707470308  0.08550707470308  0.46355035899194  -0.26263910926393  -0.26263910903666  -0.10314966635411  0.10100734963710  0.10100734966936  0.24891270151540  -0.06566918080792  -0.06566918016276  0.15237567669355  -0.01692437795528  -0.01692437795528  0.29640617146554  -0.25944424807925  -0.25944424814912  -0.08962508048900
0.14888956949113  -0.23034329586884  -0.11474438939956  -0.07482039986364  0.07922156994941  0.20490924787757  0.05514165595894  0.03596989604106  -0.06860606800447  0.06177701522221  -0.08710458900806  -0.23402695570235  -0.49879338715836  -0.40717904549633  -0.04176891390579  -0.07489804885411  0.15865503699604  -0.16703922551664  0.00000000000000  -0.18777393279969  -0.18777393282196  -0.21391009978483  -0.11660354012390  -0.11660354009164  -0.07241744006891  -0.10175407285821  -0.10175407290997  0.03751140248475  -0.02507454262287  -0.02507453935616  -0.15001035733240  -0.29927823538174  -0.29927823522148  0.21521875925865  -0.24277938527786  -0.24277938493255  0.39853576858578  -0.51896635288636  -0.51896635221848  0.14924016997214  -0.05098717000073  -0.05098717027786  0.18125181519128  0.01541973795179  0.01541973793415  0.24995338030863  -0.32268032820968  -0.32268032823241
-0.41569937594941  -0.23034329553218  -0.11474438981745  -0.19084034991613  0.07922156672522  0.20490924755499  -0.20273656479985  0.03596989636364  -0.06860606797947  0.02599142586070  -0.08710458908292  -0.23402695563783  0.18253573843343  -0.40717904482845  -0.04176891367852  -0.31768007189545  0.15865503641540  -0.16703922807507  -0.18777393279969  0.00000000000000  0.05402755637390  -0.04083169148314  -0.04083169150586  0.14514283214956  0.07164396892082  0.07164396861642  0.53754447958343  -0.13783651356452  -0.13783651356452  0.12196442476393  -0.16011573211254  -0.16011573181268  -0.08593814212251  -0.09081444805308  -0.09081444805308  0.06776568510528  -0.15151514631012  -0.15151514663270  0.02548086954179  -0.21608522554545  -0.21608522877126  -0.22290801755601  0.13522519533798  0.13522519533798  -0.08069197734604  -0.26043367590176  -0.26043367544721  -0.30797510973314
-0.41569937560411  0.04765502252661  0.34396730179692  -0.19084034991935  -0.05477841353267  -0.03046558803299  -0.20273656281745  -0.05279028010264  0.01415129149523  0.02599142589150  -0.02635754573182  -0.04610578048240  0.18253573787616  -0.19545687735924  0.06092962761195  -0.31768007189545  0.04718892422397  0.02271457827581  -0.18777393282196  0.05402755637390  0.00000000000000  0.02973675980843  0.02973675978343  0.26352728914047  -0.17803290223460  -0.17803290210704  0.20608073500293  -0.14270505499457  -0.14270505492023  -0.08350882826789  -0.04867983612977  -0.04867983590249  -0.04728085188490  -0.12931779367463  -0.12931779385806  -0.23372366079238  -0.25981369600916  -0.25981369623871  0.32763722448952  0.08881832380913  0.08881832389951  0.06400191038808  0.06234266937016  0.06234266950147  -0.04386713834751  -0.10487280459018  -0.10487280514003  0.29384962573534
-0.17104242626393  -0.02758519412559  -0.04981092619648  0.00447956762287  0.07760336357478  -0.07098863802845  -0.06147660266349  0.13973915564142  -0.00067518807331  0.12351956318988  -0.19797055523900  0.10635768505059  -0.07823933683965  -0.20947362812830  -0.18878672795821  0.01497332021540  0.19482113493182  -0.33626108065249  -0.21391009978483  -0.04083169148314  0.02973675980843  0.00000000000000  0.13320757373526  0.13320757311283  0.41839636279172  -0.05852900430499  -0.05852900400513  0.30279394070455  -0.14428975818255  -0.14428975879545  0.15059641534971  -0.16078318520902  -0.16078318501510  0.20887238910953  0.01682663792815  0.01682663799633  0.16035195258431  -0.24068911913196  -0.24068911878666  -0.05634899462977  0.00743206136070  0.00743206168328  0.47409829288563  -0.02598445194428  -0.02598445195748  -0.07662307478959  -0.04712668816041  -0.04712668816041
-0.16241474272375  -0.02758519390477  -0.04981092651906  -0.14980080634164  0.07760336357478  -0.07098863686796  0.07816003216422  0.13973915564238  -0.00067518830059  -0.12406493913490  -0.19797055520674  0.10635768417815  0.10187243804179  -0.20947362840909  -0.18878672850806  0.03460436212783  0.19482113357331  -0.33626107966202  -0.11660354012390  -0.04083169150586  0.02973675978343  0.13320757373526  0.00000000000000  -0.06295497759736  -0.05127315611804  -0.05127315615029  -0.04576173682771  0.04193203144502  0.04193203144502  0.02594889197434  -0.07680887432771  -0.07680887432771  -0.28858612773094  -0.07776259260044  -0.07776259315029  0.13183075034677  -0.16814084402815  -0.16814084402588  -0.06184878103695  -0.09843854362170  -0.09843854341070  0.21337277876070  -0.18428489690411  -0.18428489671136  -0.08199247239905  -0.20988559841466  -0.20988559809208  -0.07444037384868
-0.16241474273651  -0.45596938996415  0.12685342703226  -0.14980080611437  -0.02978917841349  0.15891243286503  0.07816003248680  0.13289654300521  0.11586435930059  -0.12406493871378  0.43886841398974  0.10091501370894  0.10187243672874  0.09392074176540  -0.26134906328079  0.03460436246751  -0.09425930061804  0.07701372339443  -0.11660354009164  0.14514283214956  0.26352728914047  0.13320757311283  -0.06295497759736  0.00000000000000  -0.28834898749384  -0.28834898775191  0.09363905972126  -0.25470137728226  -0.25470137705499  -0.03218382856672  -0.40973727739736  -0.40973727661862  -0.19736054589443  -0.08217377713270  -0.08217377777786  -0.14357293809531  -0.16812955981635  -0.16812956233680  0.44025008684436  -0.25906807806158  -0.25906807781158  -0.27653166683871  0.11314100320015  0.11314100320015  0.09003040315029  0.18686754393849  0.18686754439010  0.58169800350953
0.20439152748314  -0.42047537858460  -0.13395435613636  -0.32490770558138  -0.08731232499963  0.18166893258211  -0.39059305958065  0.05847398532258  -0.14164378949443  0.11753829351173  -0.10261448435044  -0.45750039014663  -0.23580131623900  -0.24501836894262  0.05813262482067  -0.03726376382194  0.04566991501026  -0.26419493403978  -0.07241744006891  0.07164396892082  -0.17803290223460  0.41839636279172  -0.05127315611804  -0.28834898749384  0.00000000000000  -0.18498313477859  -0.18498313155279  -0.57857772741496  0.06053054473050  0.06053054131437  0.05108787716393  -0.01298870928006  -0.01298870928006  -0.05901041339296  -0.09492853215762  -0.09492853128519  0.01234134209824  -0.09954506566334  -0.09954506599692  -0.11107923071173  0.04512628608284  0.04512628624414  -0.01817261670308  -0.17952424410799  -0.17952424378087  -0.04273342856063  -0.09542647918460  -0.09542647586899
-0.08437578232771  -0.42047537825880  -0.13395435539589  -0.22983733565909  -0.08731232499963  0.18166893232258  -0.18898121805249  0.05847398554985  -0.14164378944897  -0.11798312604443  -0.10261448437317  -0.45750039021114  0.01691208508578  -0.24501836898139  0.05813262524377  0.11006072419355  0.04566991556012  -0.26419493337715  -0.10175407285821  0.07164396861642  -0.17803290210704  -0.05852900430499  -0.05127315615029  -0.28834898775191  -0.18498313477859  0.00000000000000  0.42816090862251  -0.19785600127273  -0.19785600104545  0.04503744340176  -0.12522810203783  -0.12522810226510  -0.08368503066672  -0.09480957986730  -0.09480957984457  0.19692433848314  -0.13616713096628  -0.13616713127566  -0.12353606743402  -0.36304600841569  -0.36304600898827  0.29744470587683  0.01254313974663  0.01254313874890  0.19304276594311  0.01930365983065  0.01930365985337  -0.06857943479692
-0.08437578265982  0.04723201532067  -0.33198297234751  -0.22983733592815  -0.30291757990066  0.25186244118035  -0.18898121837412  0.12713227189883  -0.07869980061041  -0.11798312581503  -0.23338681431525  -0.13852354001613  0.01691208495821  0.06426037492478  -0.09372372855968  0.11006072422581  0.19107779248900  -0.07887596084537  -0.10175407290997  0.53754447958343  0.20608073500293  -0.05852900400513  -0.04576173682771  0.09363905972126  -0.18498313155279  0.42816090862251  0.00000000000000  -0.01749330642595  -0.01749330587610  0.10295404858871  0.03512821057339  0.03512821083372  0.54036198636598  0.07245173062194  0.07245173094355  0.38156966030716  -0.02606516605550  -0.02606516637808  0.33384934008944  -0.01694284989211  -0.01694285062903  0.38716458851610  0.10450664385337  0.10450664362610  -0.16916700496774  -0.23785491745894  -0.23785491740396  0.00194806851833
-0.22676361046701  -0.02071291566935  0.06340925077375  -0.03419051114736  0.01597307464839  0.17070933634516  0.15734000790572  0.15097227707701  0.34536800194575  0.01183162753842  -0.09407879125660  -0.18859246003372  -0.50885988840982  -0.19261818729559  0.17735975005059  -0.04216793344575  -0.07618179703616  -0.15833187288710  0.03751140248475  -0.13783651356452  -0.14270505499457  0.30279394070455  0.04193203144502  -0.25470137728226  -0.57857772741496  -0.19785600127273  -0.01749330642595  0.00000000000000  -0.16318569001760  -0.16318569028849  0.25534164328754  -0.10287095860191  -0.10287096211804  0.04871195275293  0.07345078101268  0.07345078101041  -0.08181166362449  -0.16060806962023  -0.16060807218328  -0.62858346523460  -0.03855345640616  -0.03855345672874  -0.40830653879619  -0.28499144008050  -0.28499144008277  -0.32196137542148  -0.25876060997214  -0.25876060997214
-0.15035050860183  -0.02071291546481  0.06340925138666  -0.03380336268842  0.01597307483211  0.17070933541129  -0.17282714386613  0.15097227739862  0.34536800194575  -0.19323530849194  -0.09407879125660  -0.18859245967889  -0.01724139442962  -0.19261818667917  0.17735975101833  -0.11197593399260  -0.07618179634748  -0.15833187323240  -0.02507454262287  -0.13783651356452  -0.14270505492023  -0.14428975818255  0.04193203144502  -0.25470137705499  0.06053054473050  -0.19785600104545  -0.01749330587610  -0.16318569001760  0.00000000000000  0.03311074687537  -0.27261454024560  -0.27261454022287  0.13359319225440  -0.05859341487830  -0.05859341542815  -0.12634670379472  -0.04897699676085  -0.04897699643827  -0.28585986142427  -0.40172999559494  -0.40172999617786  -0.04050987402823  -0.37402675911217  -0.37402675888490  -0.18471070626026  -0.34189908297221  -0.34189908232705  -0.19746700468702
-0.15035050859729  -0.01263728297141  -0.02949768702808  -0.03380336281598  -0.19293311976217  0.23281444005748  -0.17282714383387  0.09681586593408  -0.02218726151173  -0.19323530783358  -0.74299138105132  0.10655593499633  -0.01724139296188  -0.12778620333020  -0.08359750524267  -0.11197593441371  0.26830617477279  0.06531564926246  -0.02507453935616  0.12196442476393  -0.08350882826789  -0.14428975879545  0.02594889197434  -0.03218382856672  0.06053054131437  0.04503744340176  0.10295404858871  -0.16318569028849  0.03311074687537  0.00000000000000  -0.05756718192082  -0.05756718189809  -0.00516876405645  -0.13859620853108  -0.13859620885689  0.37489245731935  -0.04636149999707  -0.04636149999707  -0.05590890862610  0.01086277143842  0.01086277143842  0.03879783337390  0.04696721669282  0.04696721672507  0.44642910398900  -0.08704521045095  -0.08704521045323  -0.19033508217647
-0.06198257762199  -0.21806186793504  -0.12163281361217  -0.10288915935704  -0.32294191958780  -0.06530200132551  0.17723483466466  -0.02008091911144  -0.01217867833021  0.11940108163416  -0.17622734276760  -0.02488794422353  -0.19653830306818  -0.19784326731965  0.24250385903372  -0.01336393605249  -0.07832416577097  0.08550707470308  -0.15001035733240  -0.16011573211254  -0.04867983612977  0.15059641534971  -0.07680887432771  -0.40973727739736  0.05108787716393  -0.12522810203783  0.03512821057339  0.25534164328754  -0.27261454024560  -0.05756718192082  0.00000000000000  0.09517788846408  0.09517788869135  0.09339538465249  -0.04397266016716  -0.04397266016716  0.15060714432111  0.09232402521349  0.09232402551334  0.19200418721393  -0.31114927015469  -0.31114927015469  -0.54224520740396  0.03180365672801  0.03180365660704  -0.01049344093915  -0.33368386728079  -0.33368386730352
0.06084004582845  -0.21806186791686  -0.12163281290103  -0.09247559054626  -0.32294191955845  -0.06530200102566  -0.24365927748644  -0.02008091940176  -0.01217867833021  -0.16739787739821  -0.17622734309018  -0.02488794422126  0.05272358448534  -0.19784326718768  0.24250385864369  0.15811050105667  -0.07832416577097  0.08550707470308  -0.29927823538174  -0.16011573181268  -0.04867983590249  -0.16078318520902  -0.07680887432771  -0.40973727661862  -0.01298870928006  -0.12522810226510  0.03512821083372  -0.10287095860191  -0.27261454022287  -0.05756718189809  0.09517788846408  0.00000000000000  -0.34100931852126  0.20429557867595  0.20429557874047  0.39074135211584  -0.32451815901906  -0.32451815906452  -0.12421265806745  -0.11093100901760  -0.11093100906305  -0.06095149031965  -0.17694032383790  -0.17694032381745  -0.29461106156305  -0.10356248038270  -0.10356247995088  -0.04316046074120
0.06084004617375  -0.12804279333072  -0.01939170896114  -0.09247559050982  -0.20949397826167  0.11486721546848  -0.24365927751870  0.28641771956891  -0.27126007908974  -0.16739787727158  0.02788947578812  -0.09722020843321  0.05272358175806  -0.02984698073021  0.26245416189809  0.15811050137698  -0.05195089419648  0.46355035899194  -0.29927823522148  -0.08593814212251  -0.04728085188490  -0.16078318501510  -0.28858612773094  -0.19736054589443  -0.01298870928006  -0.08368503066672  0.54036198636598  -0.10287096211804  0.13359319225440  -0.00516876405645  0.09517788869135  -0.34100931852126  0.00000000000000  -0.18995553316716  -0.18995553339443  0.26729482316789  0.16926545117082  0.16926544975293  0.10140997715029  0.09166517427199  0.09166517427167  0.10235711667754  -0.05939158028548  -0.05939158028226  0.21807780532595  0.05522108220235  0.05522108275220  0.56481864382405
0.11409576054106  -0.23807933453094  0.01172004394428  -0.03027634159047  0.01802152817742  -0.03609057090757  0.28484568307581  -0.23700498308021  0.20201908044721  -0.10943936307240  0.03882343113710  -0.19369253678592  -0.18474684753006  -0.27138512690176  -0.09434858965103  0.40172921957317  -0.08757718905352  -0.26263910926393  0.21521875925865  -0.09081444805308  -0.12931779367463  0.20887238910953  -0.07776259260044  -0.08217377713270  -0.05901041339296  -0.09480957986730  0.07245173062194  0.04871195275293  -0.05859341487830  -0.13859620853108  0.09339538465249  0.20429557867595  -0.18995553316716  0.00000000000000  0.03233023380543  0.03233023376224  0.11030319810000  -0.03371604848189  -0.03371604847867  0.32995355992456  -0.00507020529091  -0.00507020573153  0.39010175295220  0.14303930108284  0.14303930124267  0.21252742774707  -0.13957729425953  -0.13957729393695
0.20892053222141  -0.23807933398255  0.01172004339443  0.10399436496408  0.01802152785484  -0.03609057002254  -0.16992465650865  -0.23700498309311  0.20201908074707  -0.29619630900000  0.03882343406305  -0.19369253765836  -0.13633876444795  -0.27138512683724  -0.09434858911217  -0.01409075837243  -0.08757719002126  -0.26263910903666  -0.24277938527786  -0.09081444805308  -0.12931779385806  0.01682663792815  -0.07776259315029  -0.08217377777786  -0.09492853215762  -0.09480957984457  0.07245173094355  0.07345078101268  -0.05859341542815  -0.13859620885689  -0.04397266016716  0.20429557874047  -0.18995553339443  0.03233023380543  0.00000000000000  0.00349704800440  0.19350736472507  0.19350736473460  0.37577274410117  0.02796662640616  0.02796662727859  0.06289671135044  -0.09336150938636  -0.09336150938636  0.07809496056378  0.25206563032126  0.25206563031173  -0.37173291037082
0.20892053222141  -0.06588017059619  -0.02590926015176  0.10399436497361  -0.21963733346188  -0.20167020640589  -0.16992465653783  -0.22012246310455  0.22292372735337  -0.29619630652419  0.01962982418548  0.05711859661144  -0.13633876602537  -0.15359457934897  0.11831508143548  -0.01409075801760  -0.09451701775147  -0.10314966635411  -0.24277938493255  0.06776568510528  -0.23372366079238  0.01682663799633  0.13183075034677  -0.14357293809531  -0.09492853128519  0.19692433848314  0.38156966030716  0.07345078101041  -0.12634670379472  0.37489245731935  -0.04397266016716  0.39074135211584  0.26729482316789  0.03233023376224  0.00349704800440  0.00000000000000  -0.01164953384604  -0.01164953384604  0.19791622639150  -0.05042188091894  -0.05042188071226  -0.05926803489790  -0.04134454011239  -0.04134454043497  0.20234409131136  -0.22927494952493  -0.22927494955718  0.22812110468035
-0.16546504251320  -0.21384473485704  -0.12173815830000  0.41547509296628  -0.13932657878446  0.03214304251378  0.02355677479062  -0.22807944298218  0.01769182586488  -0.27058020147141  0.05481969840029  0.10087276874402  -0.06675185357405  -0.21256452863930  0.23073028674267  0.03712987245865  0.09171659637859  0.10100734963710  0.39853576858578  -0.15151514631012  -0.25981369600916  0.16035195258431  -0.16814084402815  -0.16812955981635  0.01234134209824  -0.13616713096628  -0.02606516605550  -0.08181166362449  -0.04897699676085  -0.04636149999707  0.15060714432111  -0.32451815901906  0.16926545117082  0.11030319810000  0.19350736472507  -0.01164953384604  0.00000000000000  -0.25004263961437  -0.25004264016422  0.27674199648240  -0.04253386864663  -0.04253386871114  0.18474862916789  -0.08369237959384  -0.08369237936657  0.25041493758358  -0.19187841843915  -0.19187841754528
0.06671580193328  -0.21384473499454  -0.12173815959032  0.40922211599185  -0.13932657878446  0.03214304263556  0.04929646800850  -0.22807944298218  0.01769182504032  -0.09198606340323  0.05481969927273  0.10087276869771  0.22707466581012  -0.21256452912610  0.23073028734238  0.10580782586364  0.09171659571408  0.10100734966936  -0.51896635288636  -0.15151514663270  -0.25981369623871  -0.24068911913196  -0.16814084402588  -0.16812956233680  -0.09954506566334  -0.13616713127566  -0.02606516637808  -0.16060806962023  -0.04897699643827  -0.04636149999707  0.09232402521349  -0.32451815906452  0.16926544975293  -0.03371604848189  0.19350736473460  -0.01164953384604  -0.25004263961437  0.00000000000000  -0.06964252318762  0.12018045013739  0.12018045014062  -0.05208976355396  0.21292079824971  0.21292079845653  0.52023784087075  -0.27233639653974  -0.27233639629201  0.01228141601210
0.06671580158798  -0.11390540610501  -0.15260151962199  0.40922211566790  -0.11387696717449  0.13779165336503  0.04929646804076  0.09820955606474  -0.17058717466173  -0.09198606372581  -0.07275771184164  0.06329634636683  0.22707466544208  -0.18021447487390  0.32482693739150  0.10580782563636  0.09940157184047  0.24891270151540  -0.51896635221848  0.02548086954179  0.32763722448952  -0.24068911878666  -0.06184878103695  0.44025008684436  -0.09954506599692  -0.12353606743402  0.33384934008944  -0.16060807218328  -0.28585986142427  -0.05590890862610  0.09232402551334  -0.12421265806745  0.10140997715029  -0.03371604847867  0.37577274410117  0.19791622639150  -0.25004264016422  -0.06964252318762  0.00000000000000  0.26116472549252  0.26116472549479  -0.02175158956679  0.19909961406525  0.19909961422801  0.33708835180279  -0.06629943488900  -0.06629943521158  -0.22705640062163
-0.74066907027346  -0.30792266758504  0.01729285148314  0.07524944225883  -0.20073960182111  -0.06663834480499  0.17541581497830  0.00239518442375  0.08423496430352  -0.19869698015982  0.15922845267864  -0.06554361172507  0.08913443999047  0.06072487537903  0.03690994345455  0.38633166730352  -0.13630738063050  -0.06566918080792  0.14924016997214  -0.21608522554545  0.08881832380913  -0.05634899462977  -0.09843854362170  -0.25906807806158  -0.11107923071173  -0.36304600841569  -0.01694284989211  -0.62858346523460  -0.40172999559494  0.01086277143842  0.19200418721393  -0.11093100901760  0.09166517427199  0.32995355992456  0.02796662640616  -0.05042188091894  0.27674199648240  0.12018045013739  0.26116472549252  0.00000000000000  0.11394219047236  0.11394219037478  -0.51627272620946  0.24895076795161  0.24895076817889  -0.09725944158504  -0.03059227402639  -0.03059227367155
-0.16456879272947  -0.30792266726246  0.01729285175880  0.17730650928446  -0.20073960117595  -0.06663834510484  0.00959413977581  0.00239518377859  0.08423496414223  -0.22896539066935  0.15922845591126  -0.06554361170235  -0.08842320408358  0.06072487544355  0.03690994318695  -0.04023834923834  -0.13630738090762  -0.06566918016276  -0.05098717000073  -0.21608522877126  0.08881832389951  0.00743206136070  -0.09843854341070  -0.25906807781158  0.04512628608284  -0.36304600898827  -0.01694285062903  -0.03855345640616  -0.40172999617786  0.01086277143842  -0.31114927015469  -0.11093100906305  0.09166517427167  -0.00507020529091  0.02796662727859  -0.05042188071226  -0.04253386864663  0.12018045014062  0.26116472549479  0.11394219047236  0.00000000000000  -0.10174956820235  -0.19148387857009  -0.19148387852815  0.05502758904956  0.03818751628006  0.03818751660264  -0.38117011534164
-0.16456879311804  0.02367786560411  0.02900339881085  0.17730650905718  -0.10938860669135  0.15139402845308  0.00959413974985  0.02840650071408  -0.37380073792742  -0.22896539102419  -0.03328198156352  0.13520610271628  -0.08842320113490  0.10642112606818  -0.14083300919428  -0.04023834926107  0.00515205135191  0.15237567669355  -0.05098717027786  -0.22290801755601  0.06400191038808  0.00743206168328  0.21337277876070  -0.27653166683871  0.04512628624414  0.29744470587683  0.38716458851610  -0.03855345672874  -0.04050987402823  0.03879783337390  -0.31114927015469  -0.06095149031965  0.10235711667754  -0.00507020573153  0.06289671135044  -0.05926803489790  -0.04253386871114  -0.05208976355396  -0.02175158956679  0.11394219037478  -0.10174956820235  0.00000000000000  -0.26300364649267  -0.26300364649267  0.03164297881232  -0.17049910335704  -0.17049910358431  0.16506509284384
0.17993637698314  -0.14932685135850  -0.32934228244883  -0.31866460386070  -0.06313705095455  0.03593015742009  0.17193090853284  -0.29926569128827  -0.19614722181965  0.05731738209018  -0.09784847143402  0.05680561477639  0.23400729196701  0.01624560148211  -0.12231697990469  -0.13683578014157  0.01099787651188  -0.01692437795528  0.18125181519128  0.13522519533798  0.06234266937016  0.47409829288563  -0.18428489690411  0.11314100320015  -0.01817261670308  0.01254313974663  0.10450664385337  -0.40830653879619  -0.37402675911217  0.04696721669282  -0.54224520740396  -0.17694032383790  -0.05939158028548  0.39010175295220  -0.09336150938636  -0.04134454011239  0.18474862916789  0.21292079824971  0.19909961406525  -0.51627272620946  -0.19148387857009  -0.26300364649267  0.00000000000000  -0.25857055945601  -0.25857055943328  -0.01277105634384  -0.42844153474633  -0.42844153474633
0.09765643554337  -0.14932685135850  -0.32934228537977  0.04447939965323  -0.06313705124487  0.03593015650733  -0.01846247398666  -0.29926569096246  -0.19614722139663  -0.29161653618915  -0.09784847166129  0.05680561445381  -0.08038712483284  0.01624560153372  -0.12231697990469  0.18895509018108  0.01099787715704  -0.01692437795528  0.01541973795179  0.13522519533798  0.06234266950147  -0.02598445194428  -0.18428489671136  0.11314100320015  -0.17952424410799  0.01254313874890  0.10450664362610  -0.28499144008050  -0.37402675888490  0.04696721672507  0.03180365672801  -0.17694032381745  -0.05939158028226  0.14303930108284  -0.09336150938636  -0.04134454043497  -0.08369237959384  0.21292079845653  0.19909961422801  0.24895076795161  -0.19148387852815  -0.26300364649267  -0.25857055945601  0.00000000000000  0.05369949624340  -0.30791459808578  -0.30791459837610  0.13129914226540
