0.00000000000000  0.35140168224927  0.35140168224927  0.12952766357625  0.02650268105132  0.02650268105132  -0.86976634711584  0.31046356547067  0.31046356543842  0.11833381193622  0.23189691465616  0.23189691238343  0.28915926594648  -0.01688684781232  -0.01688684781232  0.06287414003079  -0.15974289436364  -0.15974289438636  0.38675998161437  -0.06693187536554  -0.06693187538600  0.38766487153050  -0.37695666099194  -0.37695666066935  0.39484997158534  -0.11100424846921  -0.11100424846921  0.25048528069795  -0.16299951715836  -0.16299951718109  0.12066615145601  0.26218926250293  0.26218926250293  0.26768732196041  0.12105993721554  0.12105993462023  0.04850406914516  0.06615778569868  0.06615778573094  -0.04359970652713  0.04721413528886  0.04721413528886  0.12510666561584  0.06445133250660  0.06445133230205  0.25822056677859  0.08326212358018  0.08326212303323
0.35140168224927  0.00000000000000  -0.29880814950354  0.17857574126701  0.17857574126701  -0.15106531960103  -0.01024755014736  -0.01024754985704  -0.07991729896701  0.16985744244721  0.16985744244721  -0.14582255896921  0.16860223858578  0.16860224200660  0.27385965974560  -0.16655967828438  -0.16655967825389  -0.27133866825616  -0.18861865496921  -0.18861865521921  0.33596383577199  -0.30039449304839  -0.30039449389809  -0.01848613534164  -0.16174689468299  -0.16174689470572  0.20736704081415  -0.00016465177522  -0.00016465176877  0.11960308433504  -0.15491368136364  -0.15491368200880  0.09983802845161  -0.02489432693988  -0.02489432671261  -0.04808864776540  -0.07021535750660  -0.07021535753886  0.25840185340616  -0.06228964590762  -0.06228964639443  0.23916574466276  -0.03208183823886  -0.03208183799868  0.37672093863585  -0.32334706843526  -0.32334706850059  0.05263869850125
0.35140168224927  -0.29880814950354  0.00000000000000  0.26677147227449  0.26677147198094  0.44182622309824  0.10968945488123  0.10968945465396  0.01650017725220  0.04304101258798  0.04304101278299  0.28042518630645  0.06457925223387  0.06457925234384  -0.27751029074633  -0.16650648188930  -0.16650648221188  0.34620677773387  -0.02325315679076  -0.02325315643592  0.11029840877097  -0.11096359123167  -0.11096359143622  0.06388707932258  -0.20847708002053  -0.20847708001100  0.05696776696114  -0.16238573642375  -0.16238573387537  0.09990391107918  -0.17755710072845  -0.17755710092361  0.01162880417639  -0.02455035351320  -0.02455035328592  0.10530329441202  0.01116661343255  0.01116661248754  0.04662507270894  0.02324204671481  0.02324204677933  0.25152064106232  -0.11476393543695  -0.11476393488710  -0.18220308709384  -0.09815843258138  -0.09815843225880  -0.14317384124413
0.12952766357625  0.17857574126701  0.26677147227449  0.00000000000000  -0.01071912719399  -0.01071912666364  0.05017975656188  0.44333506560704  0.44333506533607  0.21512634513930  0.58699430276100  0.58699430316129  0.21786374459897  0.49972360523460  0.49972360546188  0.47018068637243  -0.06695474255938  -0.06695474255257  0.19944370339194  -0.33032034338783  -0.33032034629106  0.16598317989663  -0.28447479810924  -0.28447479808651  0.04589068753666  -0.38732977649120  -0.38732977421848  0.21904271692669  -0.05698024491862  -0.05698024446408  0.18943714985044  -0.43301493630059  -0.43301493597801  0.16485084616598  0.40956201506012  0.40956201538270  0.35009149387903  0.42915431665543  0.42915431668768  0.57487428342229  0.64441151680205  0.64441151634751  0.04346397786657  0.29615433349985  0.29615433405938  0.61680510210718  0.10398978685704  0.10398978685704
0.02650268105132  0.17857574126701  0.26677147198094  -0.01071912719399  0.00000000000000  0.18915167184238  0.32488537458284  0.32488537458284  0.16831900884091  0.07022833378153  0.07022833797507  0.16644129414223  0.20310462305865  0.20310462360850  0.25484004389589  0.03563969690323  0.03563969635337  0.15256190404399  0.12445714406158  0.12445714378886  0.43103561081452  -0.03328187685337  -0.03328187717595  -0.13886837579765  -0.22211271763629  -0.22211271825645  -0.07268627046188  -0.27951177187243  -0.27951177184971  0.17185301921114  -0.17255519893035  -0.17255519860777  0.51036213893035  -0.08508049812830  -0.08508049807331  -0.07190736302346  -0.40718935935010  -0.40718935912289  0.14433689704112  -0.22360576280425  -0.22360576225440  0.15504927436584  -0.13605163026320  -0.13605163026320  0.24120666907258  -0.24580484616422  -0.24580484616422  0.20256797522581
0.02650268105132  -0.15106531960103  0.44182622309824  -0.01071912666364  0.18915167184238  0.00000000000000  0.17090685990029  0.17090685990029  0.32958881867742  -0.20261231054326  -0.20261231056598  0.23395170654472  0.37474458004106  0.37474458004106  0.20168078084751  0.29709070181085  0.29709070236070  0.65967516064223  0.11085455028006  0.11085455028006  0.29471548541789  0.12312975000367  0.12312974997141  -0.18395875142595  -0.24189674964369  -0.24189674899853  0.02708201506305  -0.23039330928006  -0.23039330937537  0.04284282777933  -0.11282756138343  -0.11282756100587  0.43247850729545  -0.10264630816276  -0.10264630871261  -0.07591085415396  -0.06120602882845  -0.06120602892375  0.63146824182551  -0.20210487247581  -0.20210487247581  -0.21123751604912  -0.03793053962603  -0.03793053972361  0.01036810028600  -0.00109928383343  -0.00109928011628  0.16889994695022
-0.86976634711584  -0.01024755014736  0.10968945488123  0.05017975656188  0.32488537458284  0.17090685990029  0.00000000000000  0.09617324182405  0.09617324150147  -0.19382612460997  0.03097803291452  0.03097803294355  -0.48751424516232  0.00101962603079  0.00101962593548  0.17985336893695  0.05439696178372  0.05439696270601  -0.13675703206745  -0.01832516459091  -0.01832516459091  0.24010832398974  0.00044852370968  0.00044852370968  -0.43380405592375  0.07427315459018  0.07427315459018  0.39401401584824  -0.01519890088930  -0.01519890088930  -0.02184923879692  0.13514047486921  0.13514047487375  0.00383531436151  -0.18578235094377  -0.18578235096422  0.04999791438028  0.18064803254985  0.18064803277713  -0.17619446739809  0.10975720866613  0.10975720907368  -0.24784180817757  0.33123350746481  0.33123350749707  0.77769018854179  0.05562303210359  0.05562303209450
0.31046356547067  -0.01024754985704  0.10968945465396  0.44333506560704  0.32488537458284  0.17090685990029  0.09617324182405  0.00000000000000  -0.00256859847962  0.17788070393211  0.17788070165938  -0.06521553774062  -0.05583070978592  -0.05583070978592  0.01355191014076  0.09015356737639  0.09015356643798  -0.17563507056906  -0.05725669848460  -0.05725669846188  0.49516341688270  0.32087343503292  0.32087343503292  0.27616342907639  0.09996412156994  0.09996412156994  0.42446819719399  0.46790296982537  0.46790296979538  -0.00722051017471  0.20360644915525  0.20360644892927  0.13771722727006  -0.10445557808563  -0.10445557774032  -0.15077683183548  0.08554505003299  0.08554505060557  0.28581272983724  -0.04262284085411  -0.04262284079106  0.17455480441862  -0.01228822275000  -0.01228822312757  -0.04856774281818  0.29908045540029  0.29908045540029  -0.05124910549267
0.31046356543842  -0.07991729896701  0.01650017725220  0.44333506533607  0.16831900884091  0.32958881867742  0.09617324150147  -0.00256859847962  0.00000000000000  0.18713325245345  0.18713325212632  0.13160164243123  0.29620882547801  0.29620882551026  -0.29700118171774  0.28509014573490  0.28509014538959  -0.06661962510894  0.27564844361437  0.27564844306452  -0.02322369395161  0.26693657869666  0.26693657872960  0.10856562844048  0.10878487775733  0.10878487780279  0.17628151117375  0.17586290859238  0.17586290859238  0.03303399862170  -0.01170868345601  -0.01170868368328  0.06664922609971  0.13196521694721  0.13196521694721  0.31726902533138  0.18953790029016  0.18953790024530  0.08440954992261  0.19460564886877  0.19460564880425  -0.00652022078959  0.24299091170015  0.24299091160191  -0.01561811190323  0.03028790918475  0.03028790886217  0.18974901931012
0.11833381193622  0.16985744244721  0.04304101258798  0.21512634513930  0.07022833378153  -0.20261231054326  -0.19382612460997  0.17788070393211  0.18713325245345  0.00000000000000  0.13573350758644  0.13573350764641  0.24628994312896  0.01393456104912  0.01393455975880  0.14217912457258  0.23317394111642  0.23317394059883  -0.00762795298592  0.29448556800550  0.29448556800550  0.09601000726290  0.22498785752221  0.22498785655447  0.44523195731862  0.20294732249267  0.20294732257845  0.00044986988930  0.09141912847801  0.09141912857331  -0.42644460129252  0.13093246935704  0.13093246912654  -0.07329062940205  0.40424990413336  0.40424990435836  -0.15198918549062  -0.02062185826760  -0.02062185826760  -0.32947013169868  0.13682629463196  0.13682629463196  0.36993811474927  0.15397854575565  0.15397854575792  0.22288978934626  0.29326499647947  0.29326499653446
0.23189691465616  0.16985744244721  0.04304101278299  0.58699430276100  0.07022833797507  -0.20261231056598  0.03097803291452  0.17788070165938  0.18713325212632  0.13573350758644  0.00000000000000  -0.07666507791642  -0.03416071289076  -0.03416071289076  0.19279409650147  0.34373299979326  0.34373299982551  0.32322672757991  0.32549067374670  0.32549067397397  0.15047785943358  0.20134693388710  0.20134693711290  0.73507420569208  -0.02489438550073  -0.02489438550073  0.22447242377053  0.09701078937317  0.09701078937317  -0.90812745577346  -0.12758053680205  -0.12758053680205  0.18400760730352  0.33858114655279  0.33858114655279  0.32829640635337  -0.18365057807185  -0.18365057829912  0.23418830859238  0.44788122572463  0.44788122377676  0.29171824860315  -0.06094847417742  -0.06094847417742  0.42040250787683  0.29420282876386  0.29420282908416  0.07412561971840
0.23189691238343  -0.14582255896921  0.28042518630645  0.58699430316129  0.16644129414223  0.23395170654472  0.03097803294355  -0.06521553774062  0.13160164243123  0.13573350764641  -0.07666507791642  0.00000000000000  0.23563626760850  0.23563626793109  0.64259315208064  0.01257888298821  0.01257888298628  -0.01335524590921  0.11650788967522  0.11650788967522  0.45673903753006  -0.10311346169208  -0.10311346081965  0.28405195666716  0.08167287950293  0.08167287927566  0.18600355116129  0.37238678361217  0.37238678326686  0.18051906272727  0.24545227991789  0.24545227922727  0.08720738572361  0.34336157132918  0.34336157165176  0.02586113708138  0.39276166381818  0.39276166349560  0.12053943830499  0.41030441450418  0.41030441777133  -0.00306187325652  0.26172893673607  0.26172893705865  -0.18835676156598  0.14974453874113  0.14974453877339  0.18930811574648
0.28915926594648  0.16860223858578  0.06457925223387  0.21786374459897  0.20310462305865  0.37474458004106  -0.48751424516232  -0.05583070978592  0.29620882547801  0.24628994312896  -0.03416071289076  0.23563626760850  0.00000000000000  0.22198985410968  0.22198985410645  0.42982115002845  -0.03755681226320  -0.03755681281305  0.06117122119282  -0.00300994209311  -0.00300994209311  0.14633825825147  0.05594095576466  0.05594095541935  -0.01836715620455  0.29093970889150  0.29093970918182  -0.58023887496481  0.37343859018981  0.37343859031965  0.19104362430059  0.09118549902493  0.09118549911070  -0.14684649408871  0.20373261868035  0.20373261861584  0.08541980773021  0.07737196364956  0.07737196301393  0.23411170463270  0.28894281038050  0.28894281067229  0.13895721821188  0.31611550087903  0.31611550040176  0.24311720642229  0.14207076993402  0.14207076909531
-0.01688684781232  0.16860224200660  0.06457925234384  0.49972360523460  0.20310462360850  0.37474458004106  0.00101962603079  -0.05583070978592  0.29620882551026  0.01393456104912  -0.03416071289076  0.23563626793109  0.22198985410968  0.00000000000000  0.16529936716422  0.08603055113343  0.08603055205572  -0.03666692217449  0.00070619922141  0.00070619974853  -0.37587589703959  0.04796820668915  0.04796820636657  0.04241891663930  0.24004324871628  0.24004324906158  0.04275894185630  0.03433414740982  0.03433414740982  0.66852156007038  -0.06768781229897  -0.06768781227397  0.07691678536224  0.08739131110337  0.08739131114883  0.23160858258798  -0.20976926535513  -0.20976926503255  0.20524474784721  0.14354025812023  0.14354025818475  0.01626663122214  0.24596452604648  0.24596452607375  0.01367588910828  -0.02649559194501  -0.02649559199047  -0.42428240360191
-0.01688684781232  0.27385965974560  -0.27751029074633  0.49972360546188  0.25484004389589  0.20168078084751  0.00101962593548  0.01355191014076  -0.29700118171774  0.01393455975880  0.19279409650147  0.64259315208064  0.22198985410645  0.16529936716422  0.00000000000000  0.01780233997214  0.01780233994941  -0.41325404679326  0.11339603334677  0.11339603334677  -0.00246659655132  0.05069170161364  0.05069170138636  -0.52877890954179  0.20973137006276  0.20973137006048  -0.25705110139765  0.01836510465396  0.01836510465396  0.04202825430205  0.42063220629472  0.42063220597214  0.56451733901320  0.00463902688930  0.00463902686657  0.33324572748460  0.31538398978886  0.31538398988416  -0.47957937612757  0.07918804141584  0.07918804139993  0.14727368113680  -0.05798566620088  -0.05798566620088  0.11058822928006  0.16125988498240  0.16125988462757  0.05966885454252
0.06287414003079  -0.16655967828438  -0.16650648188930  0.47018068637243  0.03563969690323  0.29709070181085  0.17985336893695  0.09015356737639  0.28509014573490  0.14217912457258  0.34373299979326  0.01257888298821  0.42982115002845  0.08603055113343  0.01780233997214  0.00000000000000  -0.07196972930205  -0.07196972897947  -0.06022303620088  -0.02482048461217  -0.02482048426686  0.13225412888490  0.34833663082962  0.34833663115543  -0.05152808265997  0.14952833003358  0.14952832971782  0.13677818218006  0.22511488869501  0.22511488936290  -0.27445813413416  0.20355732572287  0.20355732572287  0.08856302210337  0.36674476810704  0.36674476810704  0.00625923507918  0.16777990780132  0.16777990805132  0.24969300032991  0.00132865686070  0.00132865687023  0.28792363764076  0.03434051932625  0.03434051932625  0.09066439994648  -0.01054157675660  -0.01054157730645
-0.15974289436364  -0.16655967825389  -0.16650648221188  -0.06695474255938  0.03563969635337  0.29709070236070  0.05439696178372  0.09015356643798  0.28509014538959  0.23317394111642  0.34373299982551  0.01257888298628  -0.03755681226320  0.08603055205572  0.01780233994941  -0.07196972930205  0.00000000000000  0.58443463775806  0.06413817584164  0.06413817593695  0.01876708638123  0.02618264675000  0.02618264670455  -0.16273665219868  0.20509241897067  0.20509241887537  0.23248317146261  0.31391877345674  0.31391877377933  -0.11060990671481  0.18322458912097  0.18322458907551  0.14234396565323  0.10313695054106  0.10313695080242  0.04805462766320  0.06574302319721  0.06574302251979  -0.22154100546261  0.16808371659531  0.16808371662757  -0.16330834341056  0.36890786451466  0.36890786515982  -0.11899111364809  0.18069719246261  0.18069719152713  0.13484990811437
-0.15974289438636  -0.27133866825616  0.34620677773387  -0.06695474255257  0.15256190404399  0.65967516064223  0.05439696270601  -0.17563507056906  -0.06661962510894  0.23317394059883  0.32322672757991  -0.01335524590921  -0.03755681281305  -0.03666692217449  -0.41325404679326  -0.07196972897947  0.58443463775806  0.00000000000000  0.19425149402894  0.19425149695877  0.00235852345155  0.15958096204692  0.15958096303739  0.23406619711657  0.10255886881613  0.10255886877419  -0.10874584212258  0.36231255030220  0.36231254996598  -0.25238748003255  -0.14568189419296  -0.14568189387038  0.00728767330513  -0.09735198042962  -0.09735198065689  -0.23726778545894  -0.25048443010117  -0.25048443012390  -0.12930597436144  -0.01606293497507  -0.01606293495235  -0.26723663652493  -0.16787621843261  -0.16787621865956  -0.19206058794229  0.16088611551540  0.16088611551540  -0.04247115882478
0.38675998161437  -0.18861865496921  -0.02325315679076  0.19944370339194  0.12445714406158  0.11085455028006  -0.13675703206745  -0.05725669848460  0.27564844361437  -0.00762795298592  0.32549067374670  0.11650788967522  0.06117122119282  0.00070619922141  0.11339603334677  -0.06022303620088  0.06413817584164  0.19425149402894  0.00000000000000  0.08903900652823  0.08903900653050  -0.34364869232287  0.21407777850755  0.21407777850528  -0.08936394603021  -0.15676511200059  -0.15676511200059  0.08968546319296  -0.37698817057434  -0.37698817075308  0.14733568170279  -0.10577765938343  -0.10577765970601  0.25907196818842  -0.22771947397097  -0.22771947374370  0.39936484875836  -0.27356340467962  -0.27356340435704  0.55485227152273  -0.06741157426935  -0.06741157426935  0.20171291007375  -0.25304699228966  -0.25304699228416  0.15531341631107  -0.35522713609677  -0.35522713641936
-0.06693187536554  -0.18861865521921  -0.02325315643592  -0.33032034338783  0.12445714378886  0.11085455028006  -0.01832516459091  -0.05725669846188  0.27564844306452  0.29448556800550  0.32549067397397  0.11650788967522  -0.00300994209311  0.00070619974853  0.11339603334677  -0.02482048461217  0.06413817593695  0.19425149695877  0.08903900652823  0.00000000000000  0.50104186140029  -0.25631272178504  -0.25631272157485  -0.05554327909905  -0.39799183523167  -0.39799183555425  0.48326522918182  0.23400597480931  0.23400597478886  0.10877767434457  -0.10610440830425  -0.10610440830425  -0.05100283134311  0.01349874275330  0.01349874308270  0.29286887163996  0.17129202337977  0.17129202263930  0.37724143500733  0.02611168027566  0.02611168027566  -0.08702792005718  0.04220113246598  0.04220113243680  -0.24339760769751  0.07639558042449  0.07639558041496  -0.14030343261804
-0.06693187538600  0.33596383577199  0.11029840877097  -0.33032034629106  0.43103561081452  0.29471548541789  -0.01832516459091  0.49516341688270  -0.02322369395161  0.29448556800550  0.15047785943358  0.45673903753006  -0.00300994209311  -0.37587589703959  -0.00246659655132  -0.02482048426686  0.01876708638123  0.00235852345155  0.08903900653050  0.50104186140029  0.00000000000000  0.05047099303467  0.05047099294073  0.31338345839100  -0.02852019959164  -0.02852019959164  0.09000610926466  -0.24588630140088  -0.24588630139633  0.21202079166166  -0.39757483190836  -0.39757483516642  0.11379907948460  -0.13607816591202  -0.13607816591202  0.17026389484018  -0.17777200941569  -0.17777200941569  -0.12785023251246  0.03821072464949  0.03821072400660  0.27296072554245  -0.16029840580924  -0.16029840588372  -0.12069591064560  -0.02867440103284  -0.02867440103284  0.53115056296276
0.38766487153050  -0.30039449304839  -0.11096359123167  0.16598317989663  -0.03328187685337  0.12312975000367  0.24010832398974  0.32087343503292  0.26693657869666  0.09601000726290  0.20134693388710  -0.10311346169208  0.14633825825147  0.04796820668915  0.05069170161364  0.13225412888490  0.02618264675000  0.15958096204692  -0.34364869232287  -0.25631272178504  0.05047099303467  0.00000000000000  -0.05445285543622  -0.05445285446848  0.34237833944501  0.11797824587610  0.11797824585337  0.45242862218695  0.03010703614223  0.03010703646481  0.12763800816129  0.07806245512317  0.07806245457331  0.05537767026540  0.04930104486730  0.04930104422214  0.22084916553299  -0.07997525829560  -0.07997525510205  0.02654759420176  -0.02504577761701  -0.02504577728153  0.07436113329384  0.20813032063277  0.20813032118262  0.10056216746547  -0.09938465880865  -0.09938465880865
-0.37695666099194  -0.30039449389809  -0.11096359143622  -0.28447479810924  -0.03328187717595  0.12312974997141  0.00044852370968  0.32087343503292  0.26693657872960  0.22498785752221  0.20134693711290  -0.10311346081965  0.05594095576466  0.04796820636657  0.05069170138636  0.34833663082962  0.02618264670455  0.15958096303739  0.21407777850755  -0.25631272157485  0.05047099294073  -0.05445285543622  0.00000000000000  -0.04952457153006  -0.30646644599780  -0.30646644599780  -0.20815069821188  -0.41885305289589  -0.41885305234604  0.02770238137830  -0.30198484532111  -0.30198484532111  -0.48390232336290  -0.08642535946356  -0.08642535968856  0.28520224375491  -0.11734243847896  -0.11734243853394  -0.07287397299648  -0.06877345090689  -0.06877345067962  -0.00738992485484  -0.14126155216642  -0.14126155248900  -0.11053788671921  -0.49513574395704  -0.49513574418108  -0.23281614876730
-0.37695666066935  -0.01848613534164  0.06388707932258  -0.28447479808651  -0.13886837579765  -0.18395875142595  0.00044852370968  0.27616342907639  0.10856562844048  0.22498785655447  0.73507420569208  0.28405195666716  0.05594095541935  0.04241891663930  -0.52877890954179  0.34833663115543  -0.16273665219868  0.23406619711657  0.21407777850528  -0.05554327909905  0.31338345839100  -0.05445285446848  -0.04952457153006  0.00000000000000  -0.22003956389199  -0.22003956389245  0.17731450571402  -0.30513791291056  -0.30513791291056  0.10414326291642  -0.24648087933724  -0.24648087901239  0.06955739397148  -0.09957214560264  -0.09957214592522  0.08435405686877  -0.14849221571987  -0.14849221573710  0.18993966966752  -0.28425583632991  -0.28425583632991  0.22981269572874  -0.25920720855169  -0.25920720887199  -0.15664867169025  -0.37560188411657  -0.37560188476173  0.18036209478519
0.39484997158534  -0.16174689468299  -0.20847708002053  0.04589068753666  -0.22211271763629  -0.24189674964369  -0.43380405592375  0.09996412156994  0.10878487775733  0.44523195731862  -0.02489438550073  0.08167287950293  -0.01836715620455  0.24004324871628  0.20973137006276  -0.05152808265997  0.20509241897067  0.10255886881613  -0.08936394603021  -0.39799183523167  -0.02852019959164  0.34237833944501  -0.30646644599780  -0.22003956389199  0.00000000000000  -0.15397150048460  -0.15397150275733  -0.27039225658431  -0.21553428063306  -0.21553428063306  0.10598927570792  -0.35163906237295  -0.35163906559875  -0.36738495359186  -0.08827472394032  -0.08827472490806  0.29809216752243  -0.33464005984853  -0.33464005984853  -0.13473144983358  -0.20215959385411  -0.20215959385411  -0.58699894556672  -0.17138054499707  -0.17138054501979  -0.36205039928079  -0.31938701783358  -0.31938701806085
-0.11100424846921  -0.16174689470572  -0.20847708001100  -0.38732977649120  -0.22211271825645  -0.24189674899853  0.07427315459018  0.09996412156994  0.10878487780279  0.20294732249267  -0.02489438550073  0.08167287927566  0.29093970889150  0.24004324906158  0.20973137006048  0.14952833003358  0.20509241887537  0.10255886877419  -0.15676511200059  -0.39799183555425  -0.02852019959164  0.11797824587610  -0.30646644599780  -0.22003956389245  -0.15397150048460  0.00000000000000  0.21619137207258  -0.16758428662345  -0.16758428662254  -0.07819118779242  -0.55219992708284  -0.55219992708284  -0.16824828508871  -0.57089027949927  -0.57089027947977  -0.17403063826085  -0.52139374887449  -0.52139374900352  0.15554200881026  -0.29983475726481  -0.29983475694545  0.35513782346804  -0.09102961586950  -0.09102961541496  0.35158363538563  -0.50963491875733  -0.50963491875733  -0.03384191285557
-0.11100424846921  0.20736704081415  0.05696776696114  -0.38732977421848  -0.07268627046188  0.02708201506305  0.07427315459018  0.42446819719399  0.17628151117375  0.20294732257845  0.22447242377053  0.18600355116129  0.29093970918182  0.04275894185630  -0.25705110139765  0.14952832971782  0.23248317146261  -0.10874584212258  -0.15676511200059  0.48326522918182  0.09000610926466  0.11797824585337  -0.20815069821188  0.17731450571402  -0.15397150275733  0.21619137207258  0.00000000000000  -0.08336901826334  -0.08336901828930  0.54808514904780  -0.20770087521261  -0.20770087479472  0.11440490226540  0.02803463845161  0.02803463867889  0.40735503607625  -0.14846548038563  -0.14846548265836  0.02090592794282  -0.00970438658724  -0.00970438723240  -0.07432223048460  -0.07953673646994  -0.07953673711510  -0.10552368730865  -0.06816756921499  -0.06816756953525  0.04250190880503
0.25048528069795  -0.00016465177522  -0.16238573642375  0.21904271692669  -0.27951177187243  -0.23039330928006  0.39401401584824  0.46790296982537  0.17586290859238  0.00044986988930  0.09701078937317  0.37238678361217  -0.58023887496481  0.03433414740982  0.01836510465396  0.13677818218006  0.31391877345674  0.36231255030220  0.08968546319296  0.23400597480931  -0.24588630140088  0.45242862218695  -0.41885305289589  -0.30513791291056  -0.27039225658431  -0.16758428662345  -0.08336901826334  0.00000000000000  -0.03826933762683  -0.03826933759457  0.08631767716349  0.10820775414941  0.10820775390762  0.08486399092082  -0.32242234723647  -0.32242234725647  -0.24651562300781  -0.25303662495894  -0.25303662495894  -0.28237150477566  -0.38782338165616  -0.38782338165616  -0.75245607970601  0.10162550569758  0.10162550565535  0.18007988185543  0.06810536465249  0.06810536462977
-0.16299951715836  -0.00016465176877  -0.16238573387537  -0.05698024491862  -0.27951177184971  -0.23039330937537  -0.01519890088930  0.46790296979538  0.17586290859238  0.09141912847801  0.09701078937317  0.37238678326686  0.37343859018981  0.03433414740982  0.01836510465396  0.22511488869501  0.31391877377933  0.36231254996598  -0.37698817057434  0.23400597478886  -0.24588630139633  0.03010703614223  -0.41885305234604  -0.30513791291056  -0.21553428063306  -0.16758428662254  -0.08336901828930  -0.03826933762683  0.00000000000000  -0.17425199625880  0.09382177093688  0.09382177073959  0.23474601410543  0.04379712663270  0.04379712669721  0.06550560907111  -0.28444829819560  -0.28444829851173  -0.43967837494604  0.05437411200924  0.05437411203196  0.17995279496012  -0.21622265885312  -0.21622265880630  -0.03174712499100  -0.25160519820528  -0.25160519818255  0.35798153614956
-0.16299951718109  0.11960308433504  0.09990391107918  -0.05698024446408  0.17185301921114  0.04284282777933  -0.01519890088930  -0.00722051017471  0.03303399862170  0.09141912857331  -0.90812745577346  0.18051906272727  0.37343859031965  0.66852156007038  0.04202825430205  0.22511488936290  -0.11060990671481  -0.25238748003255  -0.37698817075308  0.10877767434457  0.21202079166166  0.03010703646481  0.02770238137830  0.10414326291642  -0.21553428063306  -0.07819118779242  0.54808514904780  -0.03826933759457  -0.17425199625880  0.00000000000000  -0.20889018853431  -0.20889018854076  0.10456550772669  -0.10255969039223  -0.10255969039223  -0.04664215399487  -0.21143111088050  -0.21143110778226  0.16112395004179  -0.24509837437317  -0.24509837437317  -0.17507370334677  -0.31608687425513  -0.31608687522287  0.19785746365836  -0.15804229567449  -0.15804229590176  -0.11163124464076
0.12066615145601  -0.15491368136364  -0.17755710072845  0.18943714985044  -0.17255519893035  -0.11282756138343  -0.02184923879692  0.20360644915525  -0.01170868345601  -0.42644460129252  -0.12758053680205  0.24545227991789  0.19104362430059  -0.06768781229897  0.42063220629472  -0.27445813413416  0.18322458912097  -0.14568189419296  0.14733568170279  -0.10610440830425  -0.39757483190836  0.12763800816129  -0.30198484532111  -0.24648087933724  0.10598927570792  -0.55219992708284  -0.20770087521261  0.08631767716349  0.09382177093688  -0.20889018853431  0.00000000000000  -0.24099896123094  -0.24099896123094  -0.15983988488196  -0.29601902021554  -0.29601901989296  -0.25729763739736  -0.11360502360044  -0.11360502456818  0.20167065273094  -0.32788796968915  -0.32788796968915  -0.35002648073314  -0.27405334433284  -0.27405334433284  -0.26421953183578  -0.17809943792742  -0.17809943790469
0.26218926250293  -0.15491368200880  -0.17755710092361  -0.43301493630059  -0.17255519860777  -0.11282756100587  0.13514047486921  0.20360644892927  -0.01170868368328  0.13093246935704  -0.12758053680205  0.24545227922727  0.09118549902493  -0.06768781227397  0.42063220597214  0.20355732572287  0.18322458907551  -0.14568189387038  -0.10577765938343  -0.10610440830425  -0.39757483516642  0.07806245512317  -0.30198484532111  -0.24648087901239  -0.35163906237295  -0.55219992708284  -0.20770087479472  0.10820775414941  0.09382177073959  -0.20889018854076  -0.24099896123094  0.00000000000000  -0.06198974705425  -0.32993999363416  -0.32993999363416  0.41311487598900  -0.03249211469648  -0.03249211469648  -0.05884887161290  -0.22069182441716  -0.22069182427639  -0.20207622437537  -0.40153372330059  -0.40153372330059  -0.28893377415103  -0.28729520815469  -0.28729520817229  0.30158241836144
0.26218926250293  0.09983802845161  0.01162880417639  -0.43301493597801  0.51036213893035  0.43247850729545  0.13514047487375  0.13771722727006  0.06664922609971  0.13093246912654  0.18400760730352  0.08720738572361  0.09118549911070  0.07691678536224  0.56451733901320  0.20355732572287  0.14234396565323  0.00728767330513  -0.10577765970601  -0.05100283134311  0.11379907948460  0.07806245457331  -0.48390232336290  0.06955739397148  -0.35163906559875  -0.16824828508871  0.11440490226540  0.10820775390762  0.23474601410543  0.10456550772669  -0.24099896123094  -0.06198974705425  0.00000000000000  -0.26957148985997  -0.26957148985861  0.12351825334287  -0.16016057186664  -0.16016057186664  0.14731295564296  -0.19282645436510  -0.19282645431965  -0.04547122024062  -0.11185685328089  -0.11185685328180  0.29547414304280  0.03816041521114  0.03816041553372  -0.08357643234531
0.26768732196041  -0.02489432693988  -0.02455035351320  0.16485084616598  -0.08508049812830  -0.10264630816276  0.00383531436151  -0.10445557808563  0.13196521694721  -0.07329062940205  0.33858114655279  0.34336157132918  -0.14684649408871  0.08739131110337  0.00463902688930  0.08856302210337  0.10313695054106  -0.09735198042962  0.25907196818842  0.01349874275330  -0.13607816591202  0.05537767026540  -0.08642535946356  -0.09957214560264  -0.36738495359186  -0.57089027949927  0.02803463845161  0.08486399092082  0.04379712663270  -0.10255969039223  -0.15983988488196  -0.32993999363416  -0.26957148985997  0.00000000000000  0.03999609653153  0.03999609620894  0.30378087980279  -0.10791471058724  -0.10791471413563  0.36873515541716  0.11594104307053  0.11594104217859  0.07600510777654  0.01511486239369  0.01511486203886  0.21064454486437  -0.11797906718306  -0.11797906692353
0.12105993721554  -0.02489432671261  -0.02455035328592  0.40956201506012  -0.08508049807331  -0.10264630871261  -0.18578235094377  -0.10445557774032  0.13196521694721  0.40424990413336  0.33858114655279  0.34336157165176  0.20373261868035  0.08739131114883  0.00463902686657  0.36674476810704  0.10313695080242  -0.09735198065689  -0.22771947397097  0.01349874308270  -0.13607816591202  0.04930104486730  -0.08642535968856  -0.09957214592522  -0.08827472394032  -0.57089027947977  0.02803463867889  -0.32242234723647  0.04379712669721  -0.10255969039223  -0.29601902021554  -0.32993999363416  -0.26957148985861  0.03999609653153  0.00000000000000  0.05497163176833  0.15701529024927  0.15701529002199  0.24064486359091  0.20390288169795  0.20390288169795  0.31868935959824  -0.19770254819355  -0.19770254819355  -0.02453643206158  -0.02372666415836  -0.02372666436290  -0.47159410354985
0.12105993462023  -0.04808864776540  0.10530329441202  0.40956201538270  -0.07190736302346  -0.07591085415396  -0.18578235096422  -0.15077683183548  0.31726902533138  0.40424990435836  0.32829640635337  0.02586113708138  0.20373261861584  0.23160858258798  0.33324572748460  0.36674476810704  0.04805462766320  -0.23726778545894  -0.22771947374370  0.29286887163996  0.17026389484018  0.04930104422214  0.28520224375491  0.08435405686877  -0.08827472490806  -0.17403063826085  0.40735503607625  -0.32242234725647  0.06550560907111  -0.04664215399487  -0.29601901989296  0.41311487598900  0.12351825334287  0.03999609620894  0.05497163176833  0.00000000000000  -0.22091474256305  -0.22091474256305  0.00009151414663  -0.14969273764311  -0.14969273769311  -0.11363666581913  -0.11426548952639  -0.11426548968915  -0.03934212848387  -0.22523738413856  -0.22523738413856  -0.17367386527786
0.04850406914516  -0.07021535750660  0.01116661343255  0.35009149387903  -0.40718935935010  -0.06120602882845  0.04999791438028  0.08554505003299  0.18953790029016  -0.15198918549062  -0.18365057807185  0.39276166381818  0.08541980773021  -0.20976926535513  0.31538398978886  0.00625923507918  0.06574302319721  -0.25048443010117  0.39936484875836  0.17129202337977  -0.17777200941569  0.22084916553299  -0.11734243847896  -0.14849221571987  0.29809216752243  -0.52139374887449  -0.14846548038563  -0.24651562300781  -0.28444829819560  -0.21143111088050  -0.25729763739736  -0.03249211469648  -0.16016057186664  0.30378087980279  0.15701529024927  -0.22091474256305  0.00000000000000  -0.51557713376422  -0.51557713378695  0.05796518886708  -0.29541653001173  -0.29541652968915  0.23094493573314  -0.22246739915762  -0.22246739970748  0.13434087335704  -0.56412276814435  -0.56412276846694
0.06615778569868  -0.07021535753886  0.01116661248754  0.42915431665543  -0.40718935912289  -0.06120602892375  0.18064803254985  0.08554505060557  0.18953790024530  -0.02062185826760  -0.18365057829912  0.39276166349560  0.07737196364956  -0.20976926503255  0.31538398988416  0.16777990780132  0.06574302251979  -0.25048443012390  -0.27356340467962  0.17129202263930  -0.17777200941569  -0.07997525829560  -0.11734243853394  -0.14849221573710  -0.33464005984853  -0.52139374900352  -0.14846548265836  -0.25303662495894  -0.28444829851173  -0.21143110778226  -0.11360502360044  -0.03249211469648  -0.16016057186664  -0.10791471058724  0.15701529002199  -0.22091474256305  -0.51557713376422  0.00000000000000  0.38111657634282  -0.28242079078739  -0.28242079101694  0.07417389467302  -0.18026776268842  -0.18026776268842  0.03720092114883  -0.35441441297581  -0.35441441277126  0.19870233365762
0.06615778573094  0.25840185340616  0.04662507270894  0.42915431668768  0.14433689704112  0.63146824182551  0.18064803277713  0.28581272983724  0.08440954992261  -0.02062185826760  0.23418830859238  0.12053943830499  0.07737196301393  0.20524474784721  -0.47957937612757  0.16777990805132  -0.22154100546261  -0.12930597436144  -0.27356340435704  0.37724143500733  -0.12785023251246  -0.07997525510205  -0.07287397299648  0.18993966966752  -0.33464005984853  0.15554200881026  0.02090592794282  -0.25303662495894  -0.43967837494604  0.16112395004179  -0.11360502456818  -0.05884887161290  0.14731295564296  -0.10791471413563  0.24064486359091  0.00009151414663  -0.51557713378695  0.38111657634282  0.00000000000000  -0.25390837519355  -0.25390837551613  -0.19301931857478  -0.43513252936364  -0.43513253000880  0.42705140923314  -0.18597001834018  -0.18597001836290  -0.39601409922801
-0.04359970652713  -0.06228964590762  0.02324204671481  0.57487428342229  -0.22360576280425  -0.20210487247581  -0.17619446739809  -0.04262284085411  0.19460564886877  -0.32947013169868  0.44788122572463  0.41030441450418  0.23411170463270  0.14354025812023  0.07918804141584  0.24969300032991  0.16808371659531  -0.01606293497507  0.55485227152273  0.02611168027566  0.03821072464949  0.02654759420176  -0.06877345090689  -0.28425583632991  -0.13473144983358  -0.29983475726481  -0.00970438658724  -0.28237150477566  0.05437411200924  -0.24509837437317  0.20167065273094  -0.22069182441716  -0.19282645436510  0.36873515541716  0.20390288169795  -0.14969273764311  0.05796518886708  -0.28242079078739  -0.25390837519355  0.00000000000000  -0.26772104259604  -0.26772104259604  -0.28018294042229  -0.34202679213856  -0.34202679181598  -0.45790097983065  -0.14375762311474  -0.14375762408343
0.04721413528886  -0.06228964639443  0.02324204677933  0.64441151680205  -0.22360576225440  -0.20210487247581  0.10975720866613  -0.04262284079106  0.19460564880425  0.13682629463196  0.44788122377676  0.41030441777133  0.28894281038050  0.14354025818475  0.07918804139993  0.00132865686070  0.16808371662757  -0.01606293495235  -0.06741157426935  0.02611168027566  0.03821072400660  -0.02504577761701  -0.06877345067962  -0.28425583632991  -0.20215959385411  -0.29983475694545  -0.00970438723240  -0.38782338165616  0.05437411203196  -0.24509837437317  -0.32788796968915  -0.22069182427639  -0.19282645431965  0.11594104307053  0.20390288169795  -0.14969273769311  -0.29541653001173  -0.28242079101694  -0.25390837551613  -0.26772104259604  0.00000000000000  0.08244481106503  -0.42380355256818  -0.42380355259091  -0.60607659643182  -0.13222003466540  -0.13222003489267  -0.68489593694839
0.04721413528886  0.23916574466276  0.25152064106232  0.64441151634751  0.15504927436584  -0.21123751604912  0.10975720907368  0.17455480441862  -0.00652022078959  0.13682629463196  0.29171824860315  -0.00306187325652  0.28894281067229  0.01626663122214  0.14727368113680  0.00132865687023  -0.16330834341056  -0.26723663652493  -0.06741157426935  -0.08702792005718  0.27296072554245  -0.02504577728153  -0.00738992485484  0.22981269572874  -0.20215959385411  0.35513782346804  -0.07432223048460  -0.38782338165616  0.17995279496012  -0.17507370334677  -0.32788796968915  -0.20207622437537  -0.04547122024062  0.11594104217859  0.31868935959824  -0.11363666581913  -0.29541652968915  0.07417389467302  -0.19301931857478  -0.26772104259604  0.08244481106503  0.00000000000000  -0.26050726292669  -0.26050726292669  -0.24420008170674  -0.54588797868328  -0.54588797858798  0.26025069520088
0.12510666561584  -0.03208183823886  -0.11476393543695  0.04346397786657  -0.13605163026320  -0.03793053962603  -0.24784180817757  -0.01228822275000  0.24299091170015  0.36993811474927  -0.06094847417742  0.26172893673607  0.13895721821188  0.24596452604648  -0.05798566620088  0.28792363764076  0.36890786451466  -0.16787621843261  0.20171291007375  0.04220113246598  -0.16029840580924  0.07436113329384  -0.14126155216642  -0.25920720855169  -0.58699894556672  -0.09102961586950  -0.07953673646994  -0.75245607970601  -0.21622265885312  -0.31608687425513  -0.35002648073314  -0.40153372330059  -0.11185685328089  0.07600510777654  -0.19770254819355  -0.11426548952639  0.23094493573314  -0.18026776268842  -0.43513252936364  -0.28018294042229  -0.42380355256818  -0.26050726292669  0.00000000000000  -0.22611687346847  -0.22611687324120  0.11958290771848  -0.45386640973607  -0.45386640917669
0.06445133250660  -0.03208183799868  -0.11476393488710  0.29615433349985  -0.13605163026320  -0.03793053972361  0.33123350746481  -0.01228822312757  0.24299091160191  0.15397854575565  -0.06094847417742  0.26172893705865  0.31611550087903  0.24596452607375  -0.05798566620088  0.03434051932625  0.36890786515982  -0.16787621865956  -0.25304699228966  0.04220113243680  -0.16029840588372  0.20813032063277  -0.14126155248900  -0.25920720887199  -0.17138054499707  -0.09102961541496  -0.07953673711510  0.10162550569758  -0.21622265880630  -0.31608687522287  -0.27405334433284  -0.40153372330059  -0.11185685328180  0.01511486239369  -0.19770254819355  -0.11426548968915  -0.22246739915762  -0.18026776268842  -0.43513253000880  -0.34202679213856  -0.42380355259091  -0.26050726292669  -0.22611687346847  0.00000000000000  -0.00603928461070  -0.57590664565323  -0.57590664565323  0.09075517021481
0.06445133230205  0.37672093863585  -0.18220308709384  0.29615433405938  0.24120666907258  0.01036810028600  0.33123350749707  -0.04856774281818  -0.01561811190323  0.15397854575792  0.42040250787683  -0.18835676156598  0.31611550040176  0.01367588910828  0.11058822928006  0.03434051932625  -0.11899111364809  -0.19206058794229  -0.25304699228416  -0.24339760769751  -0.12069591064560  0.20813032118262  -0.11053788671921  -0.15664867169025  -0.17138054501979  0.35158363538563  -0.10552368730865  0.10162550565535  -0.03174712499100  0.19785746365836  -0.27405334433284  -0.28893377415103  0.29547414304280  0.01511486203886  -0.02453643206158  -0.03934212848387  -0.22246739970748  0.03720092114883  0.42705140923314  -0.34202679181598  -0.60607659643182  -0.24420008170674  -0.22611687324120  -0.00603928461070  0.00000000000000  -0.35684104284018  -0.35684104231305  0.07082797418842
